750
0 2
10 12
20 26
6 8
15 18
27 30
31 32
40 44
46 47
36 37
49 51
54 55
52 53
57 58
59 61
64 65
66 67
68 69
71 72
76 79
80 82
84 85
86 88
94 95
91 93
99 101
96 97
102 104
114 115
105 108
118 119
116 117
126 128
123 124
129 130
134 137
138 143
131 133
144 146
147 150
151 152
156 157
153 155
161 162
158 160
163 165
168 169
173 175
171 172
180 182
188 190
183 185
198 199
191 195
200 204
206 207
218 221
214 215
223 224
226 227
231 234
236 237
238 242
243 244
246 248
249 250
252 253
256 257
259 262
263 264
270 271
266 269
285 288
289 290
273 280
291 295
297 304
306 307
310 318
321 322
324 327
330 331
335 336
337 338
339 341
343 344
353 355
345 350
359 363
368 371
365 366
372 373
375 376
382 383
384 385
386 388
394 395
390 392
398 399
401 402
403 405
407 408
413 414
409 410
415 417
418 419
422 424
426 427
434 437
428 432
438 443
447 449
444 445
452 454
455 458
459 461
466 469
470 471
464 465
476 478
474 475
481 482
494 495
484 487
501 503
490 492
510 511
496 498
512 513
521 522
517 518
523 524
525 527
534 535
528 529
543 544
537 542
545 547
548 552
553 558
562 563
564 566
568 571
572 573
577 578
579 580
581 582
586 587
583 585
589 590
595 598
601 603
599 600
607 608
609 612
615 617
620 622
618 619
624 625
628 630
631 632
633 634
635 636
637 643
657 659
651 653
660 661
662 664
665 666
668 670
673 674
675 676
684 685
681 683
686 689
695 696
697 698
699 700
705 709
701 703
710 711
714 715
716 717
720 721
726 731
735 737
740 744
749 750
751 752
759 760
753 758
762 763
770 773
765 769
774 781
788 789
793 794
782 783
795 796
797 798
805 806
800 801
808 810
813 814
816 817
818 824
825 828
832 833
837 838
834 835
840 841
846 847
857 858
853 856
861 862
866 868
871 872
873 876
879 881
882 883
884 885
891 892
894 897
902 903
898 901
904 909
910 911
912 915
919 920
916 918
929 930
927 928
932 934
937 940
945 946
941 943
952 953
947 949
956 957
958 960
961 965
967 968
973 974
980 981
985 988
977 979
982 984
990 991
993 995
1
996 999
3
5
4
7
9
11
13
14
16
17
19
21
22
23
24
25
28
29
33
34
35
38
39
41
42
45
43
48
50
56
60
62
63
70
73
74
75
77
78
81
83
89
87
90
92
100
98
103
106
107
109
110
111
112
113
120
121
122
125
127
132
135
136
140
139
141
142
145
148
149
154
159
164
166
167
170
174
176
177
178
179
181
186
184
187
192
189
193
194
196
197
202
201
205
203
208
209
210
211
212
213
217
216
219
222
220
228
225
229
232
230
233
239
235
240
241
245
247
251
254
255
258
260
265
261
267
268
274
272
275
276
277
278
279
282
281
283
284
286
292
287
293
294
296
298
299
301
300
302
303
305
308
309
311
312
313
314
315
316
317
319
320
323
325
326
328
332
329
333
334
340
342
346
347
349
348
351
352
354
356
358
357
361
360
362
364
367
369
370
374
377
378
379
380
381
387
389
391
393
396
397
400
404
406
411
412
416
420
421
423
425
429
430
431
433
435
436
439
440
441
442
446
448
450
451
453
456
460
457
463
462
467
468
472
473
477
479
483
480
485
486
488
489
491
493
497
500
499
502
504
505
506
507
508
514
509
515
519
516
520
530
526
531
532
533
538
536
539
540
541
546
549
550
551
554
555
556
557
560
559
561
565
567
569
570
574
575
584
576
588
591
592
593
594
596
597
602
605
604
606
610
613
611
616
614
621
623
627
626
629
638
639
640
641
642
644
646
645
647
648
649
650
652
654
655
656
663
658
667
669
671
672
677
678
679
680
682
687
688
690
691
692
693
694
702
704
706
707
708
712
713
718
719
722
723
724
725
727
728
730
729
732
734
733
736
738
739
742
741
743
746
745
747
748
754
755
756
757
761
764
766
767
768
771
772
775
776
777
778
779
780
784
785
786
787
790
791
792
799
802
803
804
807
809
811
812
815
819
820
821
822
823
826
827
829
830
831
836
839
842
843
844
845
848
850
849
851
852
854
859
860
855
863
865
864
869
867
870
874
875
877
878
880
886
887
889
888
890
893
895
896
899
900
905
906
907
908
913
914
917
921
922
923
924
925
926
931
933
936
935
938
939
942
944
948
950
951
954
955
959
963
962
964
966
969
971
970
972
975
976
978
983
986
987
989
992
994
997
998
