1000
1
3
4
5
7
9
11
13
14
16
17
19
21
22
23
24
25
28
29
33
34
35
38
39
41
42
43
45
48
50
56
60
62
63
70
73
74
75
77
78
81
83
87
89
90
92
98
100
103
106
107
109
110
111
112
113
120
121
122
125
127
132
135
136
139
140
141
142
145
148
149
154
159
164
166
167
170
174
176
177
178
179
181
184
186
187
189
192
193
194
196
197
201
202
203
205
208
209
210
211
212
213
216
217
219
220
222
225
228
229
230
232
233
235
239
240
241
245
247
251
254
255
258
260
261
265
267
268
272
274
275
276
277
278
279
281
282
283
284
286
287
292
293
294
296
298
299
300
301
302
303
305
308
309
311
312
313
314
315
316
317
319
320
323
325
326
328
329
332
333
334
340
342
346
347
348
349
351
352
354
356
357
358
360
361
362
364
367
369
370
374
377
378
379
380
381
387
389
391
393
396
397
400
404
406
411
412
416
420
421
423
425
429
430
431
433
435
436
439
440
441
442
446
448
450
451
453
456
457
460
462
463
467
468
472
473
477
479
480
483
485
486
488
489
491
493
497
499
500
502
504
505
506
507
508
509
514
515
516
519
520
526
530
531
532
533
536
538
539
540
541
546
549
550
551
554
555
556
557
559
560
561
565
567
569
570
574
575
576
584
588
591
592
593
594
596
597
602
604
605
606
610
611
613
614
616
621
623
626
627
629
638
639
640
641
642
644
645
646
647
648
649
650
652
654
655
656
658
663
667
669
671
672
677
678
679
680
682
687
688
690
691
692
693
694
702
704
706
707
708
712
713
718
719
722
723
724
725
727
728
729
730
732
733
734
736
738
739
741
742
743
745
746
747
748
754
755
756
757
761
764
766
767
768
771
772
775
776
777
778
779
780
784
785
786
787
790
791
792
799
802
803
804
807
809
811
812
815
819
820
821
822
823
826
827
829
830
831
836
839
842
843
844
845
848
849
850
851
852
854
855
859
860
863
864
865
867
869
870
874
875
877
878
880
886
887
888
889
890
893
895
896
899
900
905
906
907
908
913
914
917
921
922
923
924
925
926
931
933
935
936
938
939
942
944
948
950
951
954
955
959
962
963
964
966
969
970
971
972
975
976
978
983
986
987
989
992
994
997
998
53
54
79
84
97
104
152
180
190
207
221
253
306
322
324
363
398
403
418
427
445
449
496
512
523
558
564
568
578
587
598
600
603
696
699
749
750
783
798
892
902
916
945
980
985
999
64
68
69
86
117
175
185
191
237
264
291
295
310
395
399
417
419
466
476
527
542
548
552
586
589
618
634
635
659
673
683
685
700
752
762
782
788
883
884
898
901
904
909
940
941
946
968
974
979
0
37
57
58
66
82
85
119
131
158
161
206
214
215
224
246
248
257
269
335
337
343
384
432
484
487
498
510
535
607
608
630
631
632
633
636
637
660
666
668
676
698
717
720
731
773
781
793
806
824
828
868
897
910
928
961
981
2
46
55
59
71
116
128
143
218
223
271
280
331
359
366
385
390
428
464
529
545
577
580
599
601
628
709
710
759
789
816
871
882
911
918
919
927
934
990
36
47
61
65
76
95
96
102
123
126
160
163
168
171
172
198
226
234
238
250
266
288
338
353
375
465
478
492
495
501
503
517
563
579
582
585
590
595
651
657
684
711
715
753
758
769
774
810
818
834
838
876
930
949
957
958
965
967
996
6
18
124
146
151
165
173
199
227
244
252
273
290
336
350
355
365
373
382
405
426
434
437
459
474
528
534
547
566
573
609
622
624
664
681
689
695
737
763
805
857
866
879
920
943
952
973
12
30
32
40
80
93
115
129
134
144
147
156
157
182
188
259
285
297
321
330
345
371
388
407
414
443
490
518
525
562
571
572
583
612
625
643
653
662
675
697
705
760
794
801
825
833
835
841
853
862
872
891
903
915
937
947
953
984
49
52
72
99
130
133
137
138
231
236
270
304
307
318
327
368
376
383
394
410
422
424
444
452
454
455
482
494
537
544
674
701
703
716
726
765
770
800
808
832
858
881
912
932
956
977
988
10
26
31
44
67
101
105
150
153
155
195
200
243
256
386
401
402
413
415
438
447
458
461
475
481
513
522
524
617
620
665
670
686
714
735
740
751
813
817
840
846
856
873
885
929
960
982
991
993
8
15
20
27
51
88
91
94
108
114
118
162
169
183
204
242
249
262
263
289
339
341
344
372
392
408
409
469
470
471
511
521
543
553
581
615
619
661
721
744
795
796
797
814
837
847
861
894
995
