750
210
812
611
811
914
708
189
334
538
891 841
748
807
819
360
203
529 12
623
373 847
194
906
756
888
447 817
323
519
313
942
851
37 482
741
108 999
517 945
764
148
951
966
830
19
81
357
10 840
435
208
237 341
771
240
930 897
245
130 67
106
565
322 941
22
430
207 960
721 437
984 544
588
865
609 599
294
206 295
787
229
658
722
462
480
576
944
431
170
508
171 601
31 64
780
624 683
342
727
63
679
845
789 200
681 837
201
502
560
339 579
454 318
983
858 475
274
650
786
405 157
451
77
441
489
616
166
324 403
293
536
202
28
420
838 133
639
275
900
972
363 622
421
96 266
563 55
733
551
869
913
46 53
88 422
509
925
613
799
413 753
784
375 449
559
416
993 711
127
372 388
8 980
442
316
134 195
814 788
254
362
575
402 740
552 920
686 481
573 781
487 662
824 224
349
27 249
997
731 749
47 143
348
43
952 542
702
87
186
783 751
490 910
516
107
5
498 198
734
222
217
283
939
917
1
590 862
876 496
922
648
0 866
694
456
61 522
352
709 714
272
14
597
461 765
583 689
399 833
218 350
582 407
556
532
433
514
386 523
761
875
446
58 384
151 758
605
992
947 695
211
197
286
444 289
165 813
549
526
719
6 857
304 735
725
411
995 572
181
495 84
164
474 632
821
110
638
13
687
690
241
557
260
488
167
677
364
873 674
463
69 697
176
924
895
477
628 152
730
641
29
779
299
219
212
979 675
329
713
685 36
661 15
483
135
959
874
671
577 511
547 464
85 698
335 684
728
332
325
7
894 793
251
235
911 49
51 234
703 657
507
21
699 40
486
378
193
204 534
606
631 359
38
589 949
963
537 774
618 263
147 965
975
854
196
126 797
692
365 763
864
159
389
230
558 750
682
525 191
220
228
314
778
919 426
24
935
868 991
401 603
99 18
506
998
303
985 816
308
62
296
326
669
928 535
30 382
169 91
73
297 252
986
755
518 494
954
379
970
74
629
80 585
499
950
247
353 236
398 759
610
844
852
178
902 716
720 805
931
391
168 513
667
803
351
185 345
385 634
904 2
56
766
277
354
850
867
933
554
736
124 996
70
647
531
467
109
227 796
404
302
4
460
400
614
34
977 884
872 643
129 717
311
111
472
633 700
926
785
580 86
800 808
68 968
566 512
693
574
540
757
261
738
790
978
270 856
704
268
500
174
112
855
83
754
452 465
691
52 102
773 291
617 879
276
145
637 131
408 432
896
453
380
548 368
119 248
497
592
142
89
94 256
940 982
122
292
125
103
969
528 471
485
35
95 636
877
238 285
707
146 715
775
752 243
974 182
569
732
550
287
510 912
861 223
567
893
971
530
668 564
739
92
258
153 269
271 190
823
445 737
48
680
60
615 128
964
863
279
366 262
524 469
842
608 175
33
90
429
644
17
545 846
312
327 973
883 476
390 250
860
161 383
839
414 501
425
908
139
346
546
71 101
369
962
412
267
231 600
406
832 246
306 273
831
132
121
541
367
676 625
473
114 343
718
792
767
173 117
315
394 76
688
776
593
627
835 150
602
886
664 619
822
642
459 635
921
604
555
443 419
829
377
654
898 395
50
180 415
439
358
955
100
795 988
163 424
381
11
665 156
16
570
278
927 901
818 215
673 543
595 943
826
907
772
98
881 66
794 115
520
626
9
187
72 330
149
298
144 705
649
183 885
309
155 188
938
172 221
265
213
889
568 958
370
768
820
646
743
179
656
457
571 418
216
392 660
374
225
804
899
744 242
553 937
827
652
82 307
470 527
54 226
184
282
492 371
355 104
630 934
39
3
319
347
621
328
393
645
810 666
747
521 932
976
598 956
581 916
640
880
44 123
760 116
584
253 871
255
205
23
723
769 929
724
280 257
990 620
233
712
259 376
561
214 653
310 466
836
356
809
397
199 138
209
890
192
878
936
562 344
284
468
777
340
859
25
338 710
791
905
586 726
162 612
578 806
137 915
120
672
417 825
20 32
515
479
701 160
450
458 801
918 953
78
504
45
729
539
923
948
843
987
140
828 438
887
981 607
305
118 288
746
42
770 782
594
113
967 410
815
75
177
57 264
678
423
290 659
745
533
946 503
336 957
136
493
26 244
491
870
317
591
994
834 882
300
337 587
436
663
903 696
706
909 79
333
41
798 853
802
428 427
596
93 961
478 651
455 762
281
848
849
301
154
239
505
448
141
396
989
97 892
105 409
320
484 670
59 65
321 331
655
361
158 434
232
440
387
742
