12 19 24 29 30 34 36 40 44 49 51 54 757
12 55 61 69 74 76 77 78 79 82 86 107 131
14 84 88 95 97 98 103 104 105 108 124 132 136 142 452
13 109 113 115 116 118 121 123 129 140 143 144 160 1207
10 117 128 135 137 139 145 148 149 163 165
9 157 166 168 169 172 173 174 176 181
8 187 190 199 202 205 207 213 218
9 219 222 225 230 232 233 234 242 247
15 268 271 273 277 280 281 282 283 286 287 289 291 295 296 480
6 297 306 307 316 321 410
12 303 311 313 315 318 319 322 323 324 325 336 391
12 328 330 332 333 334 335 340 341 343 383 406 9931
12 372 375 381 382 384 386 387 388 389 390 392 4277
12 394 400 403 405 407 411 416 418 421 431 479 840
8 423 445 448 454 456 460 464 2038
11 474 477 481 482 484 485 486 488 495 616 632
14 489 493 494 498 500 503 504 509 522 525 526 532 573 1288
7 499 505 517 528 534 535 548
13 519 541 549 552 553 556 558 559 562 566 571 587 1507
8 554 563 564 570 574 576 579 611
9 567 568 572 575 577 581 590 603 729
11 580 583 585 595 596 599 600 602 605 623 747
11 606 610 615 617 618 619 620 625 626 1293 6934
8 622 627 629 634 635 638 667 2090
8 658 661 665 670 673 675 710 2617
6 666 668 669 685 690 1244
16 672 677 696 697 699 704 708 709 711 714 716 717 721 722 749 4399
11 700 713 718 720 724 725 727 731 737 746 8499
12 719 726 728 732 733 735 736 738 743 748 750 758
11 734 739 741 751 753 754 760 762 763 790 795
8 768 769 772 774 776 777 778 784
10 789 799 800 801 803 804 805 818 906 2563
13 817 823 826 832 833 836 838 844 845 859 868 901 980
12 842 846 847 850 855 858 860 869 879 888 910 1898
9 864 867 870 875 882 885 898 899 900
9 902 907 908 909 911 913 914 925 926
14 920 945 950 951 952 953 954 955 958 960 962 966 971 4795
10 957 961 965 967 968 972 973 974 976 3931
6 1005 1010 1013 1016 1017 1018
10 1024 1030 1040 1042 1044 1049 1052 1055 1076 1136
13 1066 1090 1097 1098 1101 1102 1103 1107 1115 1120 1127 1134 1653
8 1100 1105 1106 1108 1116 1118 1128 1137
6 1113 1121 1135 1139 1150 1958
9 1138 1142 1143 1144 1147 1149 1153 1173 3517
10 1170 1175 1176 1177 1179 1180 1185 1191 1202 2170
9 1178 1181 1182 1183 1184 1187 1195 1204 1212
5 1192 1205 1210 1213 5175
12 1194 1197 1198 1199 1203 1214 1216 1225 1226 1230 1247 2658
14 1209 1227 1228 1232 1233 1235 1236 1237 1238 1242 1249 1254 1258 1950
7 1269 1272 1276 1281 1282 1283 1284
10 1273 1305 1313 1319 1321 1322 1327 1336 1972 4348
12 1315 1323 1324 1325 1328 1329 1331 1333 1337 1341 1343 1403
8 1332 1353 1355 1357 1358 1359 1360 1662
13 1335 1363 1364 1365 1368 1370 1373 1374 1375 1377 1378 2252 4841
9 1372 1381 1382 1383 1385 1395 1404 1408 1823
10 1384 1386 1389 1391 1392 1393 1397 1398 1400 1410
11 1406 1407 1414 1415 1416 1417 1419 1425 1426 1437 1446
11 1438 1447 1453 1455 1457 1458 1462 1467 1472 1473 2273
11 1492 1494 1496 1499 1501 1502 1505 1506 1510 1547 2117
12 1512 1515 1518 1521 1523 1524 1525 1526 1536 1540 1542 2307
5 1528 1530 1537 1538 1545
10 1543 1560 1563 1566 1567 1570 1573 1574 1577 2322
10 1593 1601 1603 1604 1606 1607 1608 1611 1614 1615
10 1605 1609 1613 1618 1619 1622 1624 1633 2363 9476
10 1630 1634 1637 1638 1639 1640 1643 1645 1646 2862
8 1651 1655 1656 1657 1658 1659 1663 1680
9 1664 1674 1676 1678 1679 1682 1683 1691 1694
8 1689 1693 1695 1696 1698 1699 1704 1887
12 1724 1729 1733 1734 1736 1737 1739 1740 1744 1758 1801 1848
13 1735 1757 1762 1767 1768 1769 1770 1772 1782 1786 1788 1805 1951
10 1773 1776 1777 1778 1792 1793 1795 1798 1808 1829
13 1784 1794 1797 1799 1800 1804 1806 1807 1809 1813 1822 1825 2130
9 1803 1810 1811 1812 1820 1824 1837 1858 6828
12 1815 1830 1831 1832 1836 1846 1847 1851 1865 1868 2138 2210
7 1833 1838 1843 1844 1881 1892 4296
15 1852 1859 1860 1861 1870 1872 1875 1877 1878 1882 1890 1903 1905 2185 7509
7 1866 1867 1869 1873 1876 1879 1880
9 1883 1888 1902 1904 1906 1915 1919 1923 1929
11 1978 1984 1986 1994 1997 1999 2001 2002 2005 2007 2223
14 1992 1993 1995 2000 2006 2008 2010 2011 2012 2013 2019 2029 2103 8012
10 2015 2020 2021 2022 2024 2027 2028 2030 2032 2055
13 2026 2031 2033 2034 2035 2037 2040 2041 2043 2044 2046 2049 2276
12 2061 2074 2075 2076 2077 2081 2083 2087 2094 2096 2098 2878
10 2079 2105 2107 2109 2111 2113 2114 2133 2139 2169
10 2106 2110 2115 2116 2119 2120 2125 2127 2134 2152
9 2123 2126 2128 2129 2131 2136 2144 2145 2165
9 2135 2143 2160 2164 2167 2168 2172 2175 3626
5 2166 2171 2173 2177 2326
8 2176 2182 2188 2189 2194 2196 2200 2770
12 2233 2235 2240 2241 2242 2249 2251 2253 2255 2257 2521 4393
8 2247 2278 2293 2297 2298 2300 2318 8684
9 2296 2305 2309 2311 2317 2321 2329 2334 2409
13 2313 2316 2323 2324 2325 2328 2331 2333 2336 2337 2353 2508 8850
12 2327 2335 2338 2341 2342 2344 2347 2349 2358 2361 2373 7820
14 2356 2357 2360 2362 2364 2365 2367 2369 2370 2371 2372 2376 2408 2554
9 2384 2387 2388 2389 2391 2394 2410 2427 2441
6 2418 2421 2449 2450 2457 2746
13 2422 2424 2425 2426 2429 2431 2433 2434 2435 2437 2443 2456 2463
7 2432 2436 2440 2442 2444 2445 2650
9 2465 2507 2511 2512 2513 2514 2516 2529 2606
7 2519 2520 2523 2525 2526 2527 2528
8 2531 2536 2537 2538 2539 2541 2544 2618
10 2559 2566 2568 2569 2570 2575 2579 2583 2586 2816
4 2571 2576 2589 2591
10 2603 2605 2607 2611 2612 2615 2616 2623 2625 2627
11 2641 2642 2648 2649 2653 2654 2655 2656 2659 2671 2704
10 2695 2711 2714 2717 2719 2721 2723 2724 3035 8594
6 2720 2735 2736 2750 2755 2764
14 2738 2741 2742 2745 2748 2749 2752 2753 2757 2763 2767 2772 2773 2813
10 2774 2780 2781 2782 2785 2789 2792 2794 2795 2818
11 2784 2787 2790 2791 2793 2796 2798 2806 2814 2824 2843
12 2788 2797 2799 2802 2804 2805 2807 2815 2819 2820 3069 3458
9 2828 2838 2852 2854 2855 2858 2864 2865 7105
14 2869 2883 2896 2898 2899 2900 2901 2902 2905 2908 2909 2914 2953 3346
11 2912 2915 2916 2919 2921 2923 2924 2925 2926 2936 5399
10 2917 2920 2928 2930 2931 2932 2933 2940 2961 2993
8 2941 2942 2944 2945 2947 2948 2950 2951
8 2949 2957 2958 2959 2960 2962 2964 2968
9 2986 3005 3008 3022 3026 3027 3028 3032 3033
12 3025 3029 3030 3031 3034 3037 3039 3040 3041 3042 3064 3569
10 3049 3050 3051 3052 3056 3059 3063 3076 3080 3107
11 3055 3066 3068 3070 3071 3081 3084 3087 3097 3110 3275
13 3090 3103 3104 3105 3108 3112 3114 3115 3116 3118 3120 3378 3871
14 3138 3146 3149 3150 3151 3152 3153 3155 3158 3162 3172 3184 3185 3204
10 3147 3154 3161 3165 3171 3175 3180 3189 3218 60
11 3148 3160 3167 3169 3173 3177 3179 3186 3198 3223 4271
14 3156 3168 3170 3176 3181 3182 3183 3192 3195 3206 3214 3224 3237 6390
4 3197 3199 3202 3286
9 3208 3215 3216 3217 3219 3226 3229 3238 3274
9 3236 3239 3245 3247 3251 3252 3254 3255 3264
11 3249 3253 3258 3261 3262 3263 3265 3273 3277 3713 8674
7 3257 3270 3271 3272 3279 3287 3380
10 3276 3281 3291 3292 3293 3296 3298 3302 3310 4729
11 3294 3307 3311 3314 3315 3316 3318 3320 3322 3324 3350
5 3321 3327 3335 3337 3984
7 3329 3333 3334 3338 3339 3340 3341
3 3358 3359 3367
8 3371 3381 3382 3383 3385 3386 3402 5726
11 3409 3410 3411 3414 3416 3419 3422 3423 3427 3431 4018
12 3442 3444 3445 3447 3448 3449 3452 3455 3456 3464 3478 3545
11 3457 3459 3461 3462 3465 3466 3467 3472 3480 3484 3514
11 3471 3475 3476 3481 3485 3486 3488 3492 3497 3500 3528
4 3527 3537 3539 4023
10 3540 3541 3542 3547 3548 3551 3558 3559 3562 3586
5 3546 3549 3554 3556 3560
10 3555 3564 3572 3575 3578 3581 3582 3587 3588 3836
6 3579 3583 3584 3590 3591 3611
12 3580 3596 3601 3602 3605 3606 3609 3610 3612 3613 3617 4783
5 3607 3608 3614 3619 8942
7 3629 3640 3647 3652 3656 3662 3664
10 3651 3655 3657 3659 3660 3661 3665 3671 3679 3698
8 3654 3658 3668 3670 3674 3676 3684 3688
7 3667 3680 3685 3686 3689 3690 3711
9 3692 3693 3696 3700 3702 3703 3712 3727 3745
10 3697 3701 3710 3714 3716 3718 3719 3723 4803 8925
4 3708 3709 3762 3780
8 3743 3758 3759 3760 3771 3781 3857 5592
11 3773 3775 3776 3777 3782 3784 3787 3791 3792 3812 4129
12 3817 3826 3830 3833 3839 3841 3842 3844 3846 3848 3850 4778
6 3849 3855 3859 3862 3864 3870
13 3869 3891 3901 3902 3905 3906 3909 3911 3914 3920 3922 3927 4732
8 3918 3921 3924 3926 3928 3929 3934 5273
10 3951 3958 3959 3960 3962 3963 3964 3965 3969 4861
10 3988 3989 3990 3991 3992 3996 3998 4000 4005 4013
14 4008 4056 4058 4063 4064 4065 4067 4073 4075 4076 4077 4079 4091 4095
16 4059 4066 4071 4078 4084 4085 4086 4089 4092 4096 4097 4102 4108 4116 4118 4120
12 4090 4098 4107 4109 4111 4114 4121 4122 4126 4127 4156 4186
15 4094 4143 4150 4153 4154 4159 4163 4164 4165 4166 4168 4169 4172 4177 4474
11 4208 4223 4225 4227 4232 4234 4235 4236 4237 4239 4241
15 4214 4228 4233 4244 4246 4248 4250 4251 4252 4253 4254 4257 4261 4268 4338
10 4260 4285 4291 4293 4297 4299 4301 4303 4305 4308
13 4307 4309 4346 4349 4352 4356 4357 4359 4361 4363 4364 4374 4445
14 4377 4379 4387 4396 4397 4398 4400 4402 4403 4408 4416 4424 4425 4531
7 4414 4421 4426 4427 4431 4432 4473
8 4428 4437 4441 4442 4444 4446 4451 4488
5 4435 4455 4467 4468 4471
14 4475 4481 4482 4485 4486 4487 4489 4491 4492 4498 4500 4501 4509 4545
12 4494 4495 4502 4503 4512 4513 4514 4516 4517 4518 4530 4662
5 4511 4520 4521 4522 4538
11 4525 4536 4537 4541 4543 4547 4548 4551 4553 4554 7855
11 4546 4555 4558 4559 4560 4562 4563 4564 4568 4577 4592
9 4583 4585 4586 4587 4588 4598 4599 4600 4908
13 4601 4618 4624 4625 4626 4627 4631 4632 4633 4640 4641 4649 4650
5 4637 4644 4645 4646 1452
12 4648 4652 4653 4654 4655 4660 4668 4669 4670 4671 4678 4719
10 4679 4682 4684 4688 4691 4692 4695 4697 4725 5398
9 4687 4693 4696 4698 4701 4702 4707 4716 4760
10 4706 4709 4710 4715 4721 4723 4726 4728 4741 5037
14 4742 4758 4761 4764 4767 4768 4770 4771 4773 4774 4779 4790 4799 4865
9 4781 4782 4784 4786 4787 4789 4791 4808 4811
13 4788 4794 4798 4800 4801 4804 4809 4810 4812 4813 4817 4823 6111
7 4829 4830 4831 4837 4844 4883 8654
12 4839 4842 4848 4853 4854 4856 4858 4859 4860 4862 4886 4891
14 4855 4873 4875 4877 4879 4880 4881 4889 4890 4893 4896 4897 4898 8036
3 4882 4885 4887
12 4894 4910 4913 4915 4916 4917 4918 4922 4923 4925 5127 8196
11 4948 4953 4957 4959 4963 4964 4967 4968 4971 4972 5230
10 4984 4986 4988 4989 4991 4993 4994 4996 5002 5003
12 5018 5027 5034 5036 5039 5040 5041 5042 5044 5046 5047 6273
10 5086 5112 5116 5117 5118 5119 5121 5122 5125 5144
11 5113 5120 5123 5124 5126 5128 5130 5138 5148 5149 5150
12 5161 5182 5187 5188 5190 5191 5195 5197 5198 5202 5225 5407
12 5192 5213 5214 5218 5219 5220 5221 5223 5224 5232 5244 5854
10 5222 5227 5228 5233 5236 5239 5242 5248 5253 5265
13 5235 5237 5238 5240 5243 5246 5247 5257 5264 5266 5269 5275 9005
11 5245 5263 5267 5268 5270 5271 5272 5274 5280 5286 5538
12 5299 5300 5304 5307 5308 5309 5310 5311 5312 5331 5333 5415
9 5324 5332 5336 5337 5339 5342 5348 5408 8648
14 5335 5341 5343 5344 5347 5349 5350 5353 5354 5355 5361 5362 5364 5449
6 5358 5359 5366 5367 5368 5370
9 5381 5387 5393 5400 5401 5403 5404 5410 5414
12 5402 5406 5424 5425 5426 5427 5428 5429 5431 5432 5434 5443
7 5440 5445 5466 5477 5480 5485 6700
10 5491 5495 5500 5502 5505 5506 5508 5512 5543 6400
10 5497 5510 5511 5514 5519 5520 5521 5524 5531 5536
4 5572 5576 5577 5578
13 5598 5615 5620 5621 5622 5625 5627 5630 5633 5634 5637 5647 5659
9 5649 5650 5651 5655 5656 5657 5661 5664 5665
11 5654 5660 5662 5670 5671 5673 5676 5677 5682 5697 5775
11 5693 5698 5699 5700 5701 5702 5703 5705 5707 5714 5723
13 5716 5717 5719 5724 5725 5728 5729 5731 5735 5741 5745 5760 7281
8 5727 5732 5734 5736 5737 5749 5753 5817
14 5743 5744 5746 5748 5751 5756 5757 5761 5762 5767 5768 5773 5778 5784
8 5769 5808 5815 5816 5818 5820 5821 5841
10 5858 5860 5861 5862 5863 5867 5869 5873 5874 5877
9 5868 5875 5881 5885 5887 5888 5892 5901 5903
10 5902 5920 5933 5936 5937 5939 5942 5944 6011 6533
12 5934 5948 5952 5954 5956 5958 5959 5960 5961 5964 5973 6010
8 5970 5971 5983 5987 5988 6019 6080 8267
5 5990 5991 6005 6016 6022
9 6002 6004 6009 6012 6014 6015 6032 6045 6051
11 6031 6034 6036 6037 6040 6046 6049 6050 6052 6060 6492
7 6039 6042 6043 6047 6055 6057 6063
12 6044 6053 6056 6059 6061 6064 6065 6070 6073 6074 6084 8802
7 6110 6119 6120 6122 6124 6126 6127
10 6115 6123 6125 6128 6132 6134 6137 6140 6142 6143
9 6135 6139 6141 6146 6149 6153 6154 6158 6185
9 6150 6155 6156 6157 6161 6162 6166 6170 8443
11 6160 6164 6168 6172 6174 6175 6176 6177 6187 6191 6193
10 6189 6192 6196 6197 6203 6204 6205 6207 6212 6339
10 6198 6199 6200 6201 6211 6213 6214 6217 6221 7133
10 6228 6239 6243 6245 6249 6250 6257 6258 6271 6872
6 6252 6253 6254 6256 6260 6364
10 6263 6269 6277 6280 6281 6282 6284 6285 6288 6302
5 6321 6322 6323 6458 6623
9 6329 6336 6340 6344 6345 6346 6347 6348 6349
6 6361 6377 6383 6384 6388 6405
11 6381 6403 6406 6407 6408 6411 6417 6419 6423 6433 6434
9 6404 6409 6413 6415 6416 6421 6432 6439 6461
11 6412 6418 6420 6422 6425 6426 6427 6428 6435 6441 6444
9 6424 6430 6436 6442 6443 6445 6448 6453 6487
12 6456 6457 6466 6473 6474 6475 6478 6482 6489 6490 6494 6750
11 6485 6493 6498 6502 6503 6504 6505 6506 6507 6524 8789
13 6529 6536 6537 6538 6539 6540 6542 6543 6545 6559 6569 6586 7611
12 6541 6547 6548 6549 6551 6553 6555 6568 6573 6585 6595 6693
8 6558 6563 6566 6567 6572 6576 6603 6853
10 6607 6615 6618 6619 6620 6621 6624 6626 6631 6632
11 6633 6634 6638 6639 6641 6642 6643 6646 6650 6667 6770
12 6649 6654 6656 6657 6658 6659 6660 6661 6664 6675 6676 7204
15 6662 6663 6669 6670 6672 6674 6678 6679 6681 6682 6684 6685 6687 6690 6918
13 6689 6694 6695 6703 6705 6708 6709 6712 6714 6715 6717 6721 7814
7 6706 6724 6729 6730 6732 6748 6761
6 6735 6737 6738 6744 6766 6870
5 6745 6746 6747 6751 6753
11 6752 6756 6757 6758 6759 6760 6768 6769 6775 6782 6919
9 6767 6771 6779 6781 6787 6788 6789 6792 6890
14 6780 6783 6786 6804 6805 6806 6808 6810 6811 6812 6817 6819 6869 7008
13 6794 6809 6814 6815 6816 6820 6823 6826 6827 6830 6840 6944 7681
16 6807 6822 6831 6836 6842 6843 6848 6852 6854 6860 6867 6876 6878 6881 6889 8046
14 6849 6851 6856 6857 6858 6859 6861 6866 6868 6895 6899 6917 6964 7002
10 6877 6879 6880 6886 6887 6891 6911 6933 6997 9472
10 6884 6893 6896 6897 6904 6905 6906 6914 6931 6976
15 6900 6901 6903 6907 6908 6915 6923 6926 6928 6929 6935 6936 6955 7001 7049
11 6912 6920 6925 6932 6937 6938 6941 6943 6958 6981 7024
17 6913 6916 6922 6924 6927 6930 6939 6940 6945 6947 6948 6949 6950 6959 6978 6991 7391
13 6952 6961 6965 6966 6967 6969 6970 6972 6973 6992 6993 7011 9088
3 7013 7015 7035
13 7020 7028 7034 7037 7043 7045 7046 7047 7050 7051 7052 7053 7374
15 7040 7064 7070 7082 7085 7086 7090 7091 7094 7095 7096 7100 7111 7112 7166
9 7088 7092 7097 7098 7099 7106 7107 7115 7138
7 7104 7108 7113 7121 7123 7126 7146
2 7109 7110
9 7114 7116 7117 7118 7119 7122 7131 7154 7185
10 7129 7134 7135 7137 7139 7142 7144 7151 7152 7302
9 7140 7141 7156 7162 7164 7167 7168 7170 7173
11 7180 7186 7187 7189 7192 7199 7200 7201 7202 7214 7405
11 7188 7190 7191 7193 7194 7195 7212 7213 7215 7219 7223
4 7198 7203 7205 7206
9 7210 7211 7216 7217 7218 7221 7228 7235 7441
6 7227 7233 7238 7239 7257 7565
13 7229 7230 7232 7234 7236 7237 7240 7241 7242 7244 7251 7283 8980
13 7287 7312 7315 7316 7321 7322 7324 7328 7332 7335 7338 7348 7708
14 7293 7314 7319 7323 7326 7327 7330 7336 7337 7343 7349 7350 7358 8865
6 7318 7320 7325 7356 7371 7390
9 7346 7351 7352 7354 7359 7368 7375 7395 9203
14 7398 7401 7406 7411 7414 7415 7417 7418 7419 7421 7423 7424 7437 7450
11 7399 7428 7430 7434 7435 7440 7443 7447 7449 7452 7458
10 7429 7451 7455 7456 7457 7461 7462 7469 7472 2853
8 7463 7468 7470 7473 7476 7481 7485 7489
6 7471 7475 7477 7479 7480 7482
9 7499 7512 7534 7536 7537 7539 7559 7566 7603
10 7561 7567 7569 7570 7571 7573 7577 7586 7590 8171
6 7612 7628 7629 7630 7631 7632
9 7640 7648 7659 7661 7664 7667 7670 7673 7696
8 7657 7677 7679 7680 7683 7688 7697 7700
8 7687 7690 7691 7698 7699 7702 7705 7714
13 7704 7709 7710 7711 7712 7715 7718 7720 7721 7722 7723 7731 7825
6 7716 7717 7719 7725 7739 7964
5 7799 7804 7805 7806 7809
11 7810 7840 7842 7844 7845 7850 7851 7863 7869 7878 8022
10 7846 7847 7849 7853 7854 7858 7859 7881 7904 7938
12 7861 7862 7864 7865 7866 7867 7868 7872 7880 7888 7898 7937
9 7877 7884 7889 7891 7892 7893 7896 7899 8169
12 7911 7927 7929 7931 7932 7935 7939 7942 7943 7946 7950 8138
10 7913 7915 7917 7918 7919 7930 7951 7953 7954 8002
7 7928 7948 7955 7959 7968 7969 8163
9 7952 7956 7957 7965 7971 7972 7974 7976 7979
5 7993 7994 7998 7999 8000
13 8020 8021 8026 8027 8029 8030 8031 8032 8041 8043 8044 8053 8054
8 8024 8034 8035 8037 8038 8039 8045 8047
9 8055 8059 8062 8063 8064 8065 8066 8068 8069
7 8086 8088 8089 8091 8098 8100 8569
6 8102 8104 8110 8111 8113 8178
15 8149 8155 8157 8159 8160 8161 8162 8164 8165 8166 8168 8174 8185 8195 8232
10 8158 8167 8173 8177 8180 8183 8197 8199 8210 8301
12 8175 8179 8184 8186 8188 8200 8201 8202 8206 8211 8215 8222
5 8189 8190 8192 8216 8217
12 8204 8207 8209 8212 8214 8218 8220 8221 8223 8226 8230 7568
11 8213 8219 8224 8225 8228 8231 8234 8235 8238 8251 8260
6 8227 8240 8255 8265 8269 8280
9 8262 8273 8274 8277 8281 8282 8295 8304 8371
12 8271 8285 8288 8289 8291 8293 8294 8299 8305 8308 8311 8350
7 8290 8296 8297 8307 8313 8319 8321
5 8292 8302 8306 8327 8331
5 8310 8323 8324 8325 8330
7 8329 8338 8339 8340 8341 8345 8363
11 8342 8346 8348 8353 8357 8358 8364 8365 8372 8374 8543
11 8376 8378 8379 8381 8383 8384 8386 8392 8409 8414 8582
14 8395 8406 8410 8412 8413 8415 8416 8417 8418 8423 8424 8429 8467 8712
14 8420 8425 8426 8434 8435 8440 8444 8446 8450 8451 8452 8453 8463 8607
11 8458 8459 8462 8464 8470 8471 8472 8473 8479 8480 8501
13 8477 8484 8489 8493 8494 8495 8496 8497 8500 8503 8507 8519 8528
9 8509 8520 8521 8523 8524 8525 8526 8527 8535
7 8518 8548 8554 8555 8560 8562 8563
8 8557 8559 8564 8566 8571 8572 8611 9069
8 8578 8583 8584 8589 8592 8606 8612 8897
10 8587 8588 8595 8597 8598 8599 8600 8602 8613 8618
10 8629 8631 8632 8633 8634 8636 8638 8641 8669 9311
16 8630 8637 8640 8642 8644 8645 8646 8649 8650 8651 8655 8657 8658 8666 8677 8898
9 8670 8673 8676 8678 8680 8683 8685 8690 8700
10 8675 8698 8699 8708 8713 8715 8719 8722 8738 8775
9 8703 8711 8720 8721 8723 8724 8726 8740 9250
13 8728 8731 8736 8739 8742 8743 8744 8746 8751 8753 8755 8762 9334
9 8758 8760 8761 8763 8764 8765 8769 8770 8777
9 8773 8776 8778 8780 8781 8797 8808 8818 8861
8 8783 8784 8785 8788 8809 8825 8837 8874
9 8787 8791 8793 8794 8805 8810 8838 8847 8866
14 8792 8795 8796 8798 8800 8807 8811 8812 8815 8829 8834 8839 8862 8907
9 8840 8848 8851 8852 8853 8858 8859 8863 8877
9 8878 8882 8883 8885 8887 8888 8891 8893 9637
5 8890 8894 8895 8900 8941
8 8932 8937 8938 8940 8944 8946 8947 9097
9 8950 8962 8965 8966 8969 8971 8972 8974 8994
5 8967 8997 9004 9013 9025
12 8978 8979 8981 8984 8986 8987 8992 8998 8999 9024 9034 8375
11 9003 9020 9030 9031 9033 9039 9040 9041 9048 9099 9417
15 9046 9052 9062 9064 9070 9073 9074 9075 9076 9086 9091 9095 9115 9117 9196
14 9084 9087 9090 9100 9101 9103 9105 9107 9108 9119 9120 9123 9126 9198
6 9121 9122 9124 9129 9131 9172
12 9128 9130 9132 9133 9135 9136 9142 9143 9145 9146 9168 9176
7 9137 9138 9139 9147 9154 9178 9206
13 9140 9166 9171 9177 9179 9180 9181 9183 9184 9189 9200 9201 9211
10 9187 9191 9195 9199 9204 9208 9210 9214 9215 9227
9 9207 9216 9246 9249 9253 9257 9259 9277 9309
9 9283 9286 9288 9292 9293 9294 9296 9304 9326
9 9291 9297 9298 9299 9300 9301 9308 9312 9317
13 9305 9306 9313 9314 9316 9319 9320 9321 9322 9323 9324 9329 9766
8 9325 9347 9349 9350 9351 9352 9354 9374
15 9393 9401 9402 9405 9406 9407 9408 9410 9413 9414 9415 9423 9427 9430 9545
14 9409 9411 9412 9419 9420 9421 9422 9426 9428 9431 9432 9439 9443 9522
8 9449 9450 9452 9456 9460 9461 9465 9467
11 9463 9464 9466 9469 9470 9471 9479 9484 9488 9499 9507
11 9473 9475 9477 9478 9480 9489 9492 9493 9494 9517 9525
10 9514 9523 9543 9546 9547 9551 9552 9555 9558 9567
10 9544 9549 9553 9554 9556 9562 9565 9568 9569 204
15 9550 9557 9561 9566 9570 9571 9572 9575 9578 9580 9587 9589 9591 9606 20
9 9563 9579 9583 9584 9585 9590 9599 9635 9753
9 9581 9586 9592 9593 9594 9596 9597 9600 9650
13 9619 9626 9627 9628 9631 9632 9633 9634 9636 9639 9642 9644 9690
11 9649 9654 9655 9657 9658 9659 9660 9661 9668 9673 9811
9 9670 9679 9680 9681 9682 9683 9688 9689 9693
11 9675 9685 9691 9696 9701 9704 9706 9708 9711 9714 9716
10 9698 9702 9705 9709 9713 9715 9717 9719 9721 5179
8 9707 9733 9735 9737 9738 9739 9740 9749
10 9752 9768 9769 9789 9790 9791 9792 9794 9796 9850
9 9799 9806 9809 9810 9812 9814 9818 9827 9829
10 9820 9830 9832 9833 9835 9839 9840 9849 9854 9875
11 9847 9851 9858 9859 9862 9863 9865 9873 9876 9878 9885
11 9852 9864 9866 9870 9877 9883 9887 9891 9895 9906 9956
13 9888 9901 9920 9923 9926 9928 9929 9932 9936 9937 9938 9940 939
