98 38 42 49 61 68 148 174 188 200 228 235 282 292 330 337 379 426 455 480 481 507 544 548 577 646 701 707 722 736 739 755 794 807 863 955 977 982 1011 1014 1023 1046 1103 1113 1123 1137 1154 1164 1187 1190 1191 1195 1203 1290 1304 1340 1379 1416 1418 1472 1487 1512 1522 1552 1558 1562 1573 1581 1590 1611 1643 1658 1671 1697 1726 1739 1740 1749 1750 1804 1817 1860 1933 1965 1998 2034 2067 2069 2080 2086 2088 2091 2132 2148 2199 2200 2204 2242 2278
107 147 186 201 306 343 385 419 440 465 547 638 704 750 752 764 788 837 897 915 926 967 984 1012 1015 1016 1033 1045 1078 1079 1094 1160 1165 1200 1221 1223 1319 1328 1357 1374 1387 1390 1395 1398 1444 1565 1609 1618 1624 1626 1636 1651 1654 1673 1757 1793 1802 1810 1853 1877 1884 1889 1901 1955 1964 2011 2018 2058 2065 2122 2192 2224 2239 2353 2378 2379 2389 2393 2425 2431 2447 2488 2490 2494 2524 2553 2569 2580 2582 2604 2628 2671 2691 2693 2715 2728 2740 2748 2766 2825 2857 2942 2989 3004 3020 3024 3148 13
111 180 204 213 230 260 311 314 321 329 339 360 363 380 422 439 489 520 531 543 554 555 599 620 622 626 636 647 648 669 674 768 823 831 921 938 947 971 1044 1070 1085 1117 1202 1254 1281 1299 1316 1322 1339 1343 1353 1366 1378 1391 1392 1433 1443 1466 1561 1582 1601 1737 1755 1760 1779 1790 1795 1836 1841 1850 1879 1947 1990 1991 1992 2008 2036 2072 2109 2111 2115 2171 2193 2254 2268 2287 2291 2337 2344 2402 2435 2502 2515 2518 2572 2602 2626 2644 2654 2713 2737 2797 2801 2802 2816 2831 2882 2894 2901 2910 2913 2914
103 202 210 254 257 280 354 421 474 501 516 540 614 641 666 717 741 743 770 778 813 814 857 868 883 924 929 985 1040 1048 1054 1061 1090 1116 1140 1151 1168 1215 1216 1323 1325 1335 1352 1354 1359 1426 1457 1459 1467 1502 1511 1550 1556 1566 1580 1596 1602 1650 1839 1859 1875 1892 1974 1984 2020 2083 2104 2114 2155 2157 2176 2227 2235 2236 2246 2265 2273 2314 2342 2357 2372 2405 2486 2536 2537 2540 2552 2556 2589 2599 2601 2636 2655 2664 2676 2734 2745 2746 2775 2778 2843 2861 2864 2916
111 320 386 438 454 468 598 600 660 675 685 689 690 693 724 783 784 789 791 833 846 881 906 970 996 1067 1077 1084 1101 1119 1127 1172 1194 1241 1250 1264 1277 1350 1371 1420 1445 1447 1461 1579 1615 1652 1660 1736 1751 1752 1767 1777 1903 1949 1999 2029 2064 2084 2093 2100 2103 2105 2119 2125 2260 2261 2275 2290 2319 2350 2422 2451 2453 2468 2482 2485 2547 2573 2608 2612 2615 2619 2635 2663 2667 2685 2711 2716 2731 2757 2762 2763 2777 2812 2829 2841 2858 2891 2897 2903 2915 2965 2970 3081 3088 3096 3113 3157 3158 3212 3350 3591
104 336 344 356 376 392 399 458 511 536 549 573 651 656 691 723 747 797 810 885 913 1130 1133 1136 1176 1192 1198 1271 1382 1386 1406 1436 1446 1574 1577 1653 1688 1713 1727 1819 1824 1880 1897 1906 1932 1997 2052 2129 2167 2222 2256 2294 2368 2375 2376 2380 2390 2441 2525 2534 2545 2568 2591 2596 2597 2631 2638 2697 2703 2724 2769 2771 2773 2790 2840 2951 2958 3017 3044 3053 3063 3091 3112 3116 3122 3175 3257 3279 3327 3359 3416 3490 3491 3492 3522 3547 3554 3568 3577 3580 3593 3597 3601 3662 3663
106 370 459 521 604 606 610 654 658 665 688 735 744 772 795 829 936 940 981 995 1008 1069 1092 1167 1180 1233 1251 1261 1263 1291 1293 1310 1349 1351 1365 1417 1422 1621 1623 1633 1712 1721 1745 1772 1786 1823 1842 1865 1890 1908 1936 1940 1951 1962 1977 1980 1989 2023 2033 2051 2097 2101 2150 2172 2194 2198 2213 2237 2257 2274 2279 2280 2281 2311 2320 2332 2347 2360 2365 2427 2436 2443 2446 2473 2575 2583 2633 2648 2656 2686 2704 2730 2735 2768 2817 2859 2869 2904 2905 2919 2938 2976 2977 2985 3032 4122 866
113 508 556 576 581 588 618 619 643 650 653 657 705 740 758 777 803 805 808 878 893 932 941 950 1001 1006 1053 1071 1080 1184 1218 1239 1274 1358 1370 1380 1381 1384 1554 1578 1586 1592 1664 1686 1718 1725 1762 1776 1821 1827 1831 1833 1844 1847 1870 1911 1921 2015 2081 2090 2102 2110 2112 2203 2238 2250 2251 2262 2324 2341 2345 2413 2414 2424 2428 2475 2480 2489 2495 2516 2529 2541 2555 2562 2566 2571 2579 2585 2586 2598 2603 2618 2673 2680 2681 2698 2699 2729 2786 2787 2794 2799 2800 2813 2822 2839 2868 2870 2877 2883 2918 2930 2952 2996
98 574 585 769 839 848 856 871 925 946 976 1000 1039 1058 1112 1139 1143 1159 1182 1201 1205 1225 1227 1229 1337 1348 1435 1584 1591 1606 1630 1647 1682 1731 1782 1788 1807 1832 1886 1894 1896 1929 1934 1969 1973 1985 2003 2019 2055 2136 2142 2216 2217 2220 2247 2271 2285 2309 2313 2315 2404 2478 2479 2498 2621 2677 2683 2688 2696 2739 2922 2935 3026 3076 3106 3115 3134 3138 3150 3153 3159 3196 3206 3223 3244 3292 3328 3349 3353 3384 3390 3392 3413 3415 3425 3444 3462 3493 3501
95 640 667 715 721 732 733 738 742 820 842 858 860 882 891 933 980 1056 1100 1155 1208 1240 1245 1285 1292 1297 1334 1356 1567 1675 1676 1728 1738 1768 1825 1851 1905 2092 2133 2175 2197 2226 2312 2348 2354 2374 2394 2472 2500 2511 2616 2623 2632 2702 2765 2776 2784 2833 2836 2888 2994 3002 3036 3045 3057 3058 3075 3078 3176 3199 3209 3297 3317 3351 3411 3417 3440 3475 3498 3513 3524 3532 3556 3565 3706 3728 3748 3757 3797 3813 3844 3866 3868 3870 3882 7550
95 692 760 890 953 956 973 987 997 1009 1057 1102 1145 1178 1183 1219 1247 1284 1289 1311 1345 1346 1347 1360 1372 1377 1385 1396 1401 1415 1434 1475 1494 1499 1526 1532 1537 1539 1572 1707 1715 1729 1863 1893 1900 1938 1978 2061 2075 2079 2113 2214 2248 2272 2282 2288 2306 2421 2470 2483 2507 2584 2593 2611 2718 2719 2732 2741 2770 2811 2865 2895 2933 2937 2943 2948 2973 2984 3005 3011 3018 3031 3065 3104 3142 3156 3170 3204 3237 3240 3289 3363 3393 3419 3442 3739
108 699 716 776 782 841 854 861 879 1002 1013 1064 1089 1093 1118 1157 1171 1209 1228 1265 1272 1287 1326 1397 1489 1569 1677 1687 1775 1816 1840 1876 1885 1915 1956 1967 2042 2073 2089 2144 2149 2151 2210 2317 2381 2401 2417 2438 2439 2530 2738 2747 2788 2806 2819 2909 2928 2961 2971 3010 3034 3037 3046 3055 3073 3094 3107 3146 3258 3282 3291 3301 3305 3344 3348 3370 3375 3422 3455 3478 3500 3511 3658 3675 3732 3733 3775 3791 3803 3839 3849 3865 3892 3898 3903 3939 3952 4012 4023 4049 4069 4103 4116 4142 4146 4154 4188 4341 5024
104 727 730 809 818 825 836 867 948 974 1003 1043 1098 1147 1179 1204 1212 1234 1275 1399 1402 1470 1486 1655 1657 1693 1710 1787 1800 1808 1829 1854 1912 1944 1945 1958 2045 2074 2094 2106 2128 2137 2138 2166 2188 2206 2286 2289 2310 2752 2875 2887 2924 3001 3028 3029 3060 3066 3074 3080 3100 3197 3218 3241 3245 3264 3287 3293 3296 3360 3371 3394 3437 3463 3477 3612 3613 3631 3652 3670 3671 3758 3787 3900 3901 3911 3912 3913 3921 3941 4002 4022 4032 4035 4098 4104 4149 4164 4169 4228 4236 4240 4257 4311 4649
110 793 802 806 870 910 922 935 944 951 988 999 1162 1181 1235 1238 1279 1448 1453 1480 1809 1909 1922 1927 2009 2014 2099 2131 2190 2196 2232 2329 2349 2363 2397 2521 2526 2532 2660 2672 2712 2767 2964 2972 2982 3016 3035 3041 3056 3079 3114 3117 3123 3182 3214 3231 3366 3385 3396 3399 3434 3453 3461 3474 3484 3504 3510 3535 3606 3624 3637 3642 3653 3654 3655 3692 3704 3716 3731 3751 3752 3761 3779 3785 3790 3840 3841 3842 3856 3863 3867 3905 3908 3934 3947 4008 4019 4020 4027 4057 4081 4083 4095 4153 4161 4168 4219 4224 4274 4300 4399
104 826 888 907 927 992 1020 1052 1073 1075 1273 1302 1307 1308 1491 1519 1536 1563 1733 1735 1741 1887 1914 1939 1983 2004 2046 2161 2177 2185 2211 2333 2764 2826 2873 2885 2959 3023 3039 3095 3177 3224 3236 3300 3335 3347 3374 3386 3408 3432 3456 3487 3536 3553 3588 3589 3599 3640 3648 3682 3691 3718 3723 3802 3846 3877 3879 3928 3929 3933 3999 4004 4058 4082 4181 4199 4266 4267 4285 4337 4340 4345 4361 4409 4417 4428 4439 4467 4501 4515 4565 4623 4634 4691 4704 4727 4754 4765 4824 4861 4862 4874 4908 5012 5245
102 923 943 1034 1088 1096 1111 1128 1231 1282 1309 1318 1331 1373 1451 1516 1528 1638 1798 1848 1881 1996 2002 2037 2159 2173 2215 2307 2352 2432 2477 2505 2520 2522 2523 2560 2564 2823 2835 2874 2908 2979 3013 3085 3101 3103 3126 3145 3152 3168 3172 3207 3234 3267 3295 3330 3420 3469 3548 3587 3603 3605 3720 3727 3741 3774 3782 3807 3828 3881 3887 3906 3919 3960 3986 4015 4018 4048 4056 4062 4078 4139 4193 4197 4220 4376 4450 4469 4484 4512 4549 4557 4575 4590 4592 4695 4735 4847 4937 4991 5010 5015 5119
98 1030 1104 1255 1419 1437 1477 1501 1555 1593 1612 1667 1669 1711 1719 1835 1920 1924 1986 2007 2031 2032 2071 2085 2134 2135 2301 2373 2527 2610 2617 2674 2678 2750 2803 2920 2999 3008 3027 3062 3147 3162 3164 3191 3192 3201 3284 3310 3313 3361 3436 3486 3516 3579 3592 3715 3743 3765 3777 3821 3872 3873 3888 3891 3894 3904 3926 3936 3967 3978 3993 4007 4038 4055 4107 4108 4147 4158 4214 4246 4286 4322 4348 4358 4384 4419 4568 4576 4606 4626 4668 4708 4738 4756 4763 4794 4838 4953 6684
96 1158 1163 1170 1288 1342 1413 1523 1538 1704 1763 1781 1785 1994 2043 2059 2130 2202 2230 2252 2369 2396 2400 2415 2418 2442 2459 2460 2471 2493 2548 2708 2710 2838 2846 2848 2879 2911 2923 2960 2978 2983 2995 2997 3030 3109 3149 3181 3238 3435 3508 3646 3649 3710 3712 3812 3817 3818 3860 3910 3932 3943 3944 3946 3990 3995 4009 4041 4066 4074 4088 4157 4190 4235 4360 4393 4398 4432 4440 4442 4443 4483 4526 4687 4693 4716 4717 4871 4873 4881 4935 4955 4992 5003 5025 6047 8740
104 1546 1597 1616 1672 1691 1702 1743 1917 1979 2005 2024 2147 2164 2298 2469 2567 2570 2590 2607 2640 2907 3000 3025 3038 3171 3178 3215 3222 3235 3248 3319 3376 3382 3397 3398 3581 3594 3719 3740 3784 3805 3875 3890 3954 3962 3980 4046 4063 4105 4109 4125 4128 4132 4170 4242 4250 4252 4278 4296 4299 4359 4363 4405 4420 4446 4457 4461 4487 4498 4504 4523 4530 4533 4544 4619 4636 4690 4758 4784 4797 4855 4867 4886 4927 4958 4976 5004 5061 5073 5099 5147 5160 5173 5189 5192 5202 5250 5290 5325 5440 5469 5477 5524 5525
103 1634 1666 1696 1705 1773 1926 1942 1993 2047 2057 2153 2154 2283 2410 2419 2454 2456 2492 2499 2642 2646 2694 2755 2889 3068 3217 3232 3249 3354 3355 3451 3465 3517 3570 3598 3711 3737 3772 3823 3831 3851 3853 3902 3923 4036 4126 4172 4182 4196 4198 4223 4232 4254 4307 4310 4315 4336 4353 4406 4465 4546 4548 4581 4601 4616 4675 4701 4714 4731 4737 4759 4764 4782 4783 4804 4825 4834 4882 4907 4917 4920 4921 4947 4970 4979 5007 5008 5018 5093 5126 5132 5195 5196 5209 5214 5217 5222 5228 5274 5295 5417 5957 8888
106 1895 1966 1995 2021 2022 2116 2308 2338 2440 2462 2501 2535 2627 2690 2733 2749 2751 2783 2810 2851 2906 3009 3266 3324 3340 3341 3402 3404 3446 3464 3502 3614 3632 3651 3730 3746 3762 3798 3811 3861 3883 3970 4052 4053 4094 4174 4211 4215 4222 4248 4309 4516 4524 4540 4547 4572 4589 4611 4625 4632 4674 4734 4747 4785 4790 4813 4821 4883 4884 4932 4973 5019 5092 5125 5128 5129 5159 5219 5252 5289 5304 5305 5322 5336 5380 5391 5414 5422 5455 5512 5606 5638 5685 5693 5716 5725 5729 5784 5786 5807 5809 5821 5836 5846 5889 7248
114 1930 2054 2120 2168 2225 2651 2653 2669 2706 2850 2893 2896 2953 2955 2986 2988 3006 3131 3261 3263 3280 3387 3414 3467 3509 3521 3608 3622 3641 3666 3689 3707 3708 3801 3804 3816 3920 3924 3949 4001 4026 4118 4123 4189 4316 4330 4347 4385 4388 4394 4414 4429 4452 4460 4470 4477 4485 4534 4543 4661 4683 4706 4719 4729 4736 4761 4762 4816 4822 5014 5050 5062 5075 5083 5085 5106 5139 5151 5162 5191 5259 5264 5291 5303 5342 5354 5361 5397 5403 5456 5488 5554 5587 5590 5658 5795 5868 5897 5907 5912 5937 5955 5967 5982 6030 6032 6051 6057 6085 6103 6115 6164 6236 7137
105 2355 2362 2403 2744 2849 2946 3098 3226 3230 3253 3281 3288 3377 3438 3454 3503 3558 3626 3674 3680 3709 3722 3770 3800 3808 3814 3824 3830 3834 3848 3850 3855 3909 3966 3996 3997 4031 4059 4090 4099 4117 4150 4163 4173 4221 4318 4319 4400 4468 4494 4648 4686 4748 4749 4829 4835 4954 4974 4989 5079 5112 5161 5240 5287 5298 5411 5424 5441 5453 5462 5465 5498 5505 5526 5533 5547 5574 5576 5617 5625 5637 5677 5707 5714 5718 5733 5743 5750 5761 5779 5787 5826 5869 5871 5911 5930 5954 5966 5989 5990 5992 6037 6042 6110 6870
110 2533 2637 2701 2754 3087 3179 3185 3195 3200 3205 3369 3403 3445 3481 3549 3607 3611 3616 3621 3690 3705 3747 3768 3786 3825 3918 4045 4135 4138 4272 4279 4302 4306 4333 4343 4438 4444 4486 4506 4513 4535 4558 4586 4598 4614 4654 4694 4696 4721 4854 4865 4872 4879 4889 5034 5045 5086 5087 5096 5235 5251 5255 5265 5293 5309 5415 5480 5481 5486 5502 5615 5621 5695 5747 5748 5792 5831 5841 5843 5853 5965 5976 5981 6010 6059 6063 6079 6099 6101 6118 6120 6148 6162 6174 6195 6248 6268 6284 6356 6366 6412 6464 6485 6495 6508 6529 6549 6568 6809 7124
101 2563 2578 2650 2652 2947 3048 3061 3120 3259 3314 3412 3472 3480 3527 3528 3539 3560 3585 3604 3619 3672 3771 3773 3969 3971 3991 4003 4033 4040 4047 4100 4184 4381 4383 4402 4433 4454 4511 4539 4612 4666 4742 4773 4786 4805 4844 4875 4959 5030 5133 5158 5179 5183 5206 5231 5244 5275 5281 5285 5307 5344 5367 5376 5420 5484 5487 5508 5514 5549 5571 5614 5655 5660 5665 5678 5815 5884 5941 5993 6006 6014 6026 6058 6068 6071 6076 6106 6163 6184 6189 6269 6307 6326 6345 6350 6363 6389 6397 6417 6499 6732
101 2892 2941 3184 3255 3290 3362 3401 3421 3427 3482 3497 3506 3512 3520 3572 3584 3590 3794 3810 3836 3876 3930 3984 4029 4037 4133 4177 4192 4276 4372 4466 4476 4617 4684 4753 4793 4888 4944 4950 4964 4980 4996 5044 5051 5074 5213 5220 5234 5306 5312 5323 5332 5356 5373 5382 5495 5527 5531 5578 5582 5593 5596 5631 5686 5783 5799 5840 5842 5856 5885 5893 5904 5908 5946 5960 5972 6024 6028 6029 6046 6080 6096 6125 6145 6169 6204 6217 6240 6241 6250 6265 6322 6388 6404 6478 6511 6570 6578 6595 6630 7132
100 3102 3225 3256 3318 3409 3439 3441 3447 3507 3543 3717 3724 3753 3754 4130 4204 4258 4371 4374 4517 4858 4870 4962 4986 5065 5104 5117 5146 5157 5171 5181 5200 5282 5328 5379 5384 5398 5518 5557 5565 5581 5585 5662 5663 5698 5728 5749 5759 5814 5817 5858 6008 6011 6044 6062 6090 6102 6191 6193 6203 6296 6303 6320 6339 6340 6348 6359 6369 6414 6428 6496 6512 6606 6628 6633 6695 6712 6722 6783 6794 6795 6802 6803 6836 6848 6887 6896 6927 6980 7021 7071 7072 7130 7131 7158 7183 7211 7260 7265 7376
113 3243 3269 3286 3308 3309 3345 3450 3479 3573 3701 3734 3766 3862 3874 3889 3907 4043 4201 4213 4280 4293 4314 4448 4496 4500 4707 4781 4789 4851 4968 4971 5088 5164 5187 5190 5267 5316 5326 5444 5459 5546 5553 5560 5623 5629 5744 5746 5776 5796 5803 5804 5808 5867 5923 5935 5949 5974 6015 6056 6098 6166 6224 6282 6293 6308 6323 6324 6376 6393 6431 6433 6447 6598 6653 6679 6687 6718 6726 6747 6758 6812 6831 6846 6902 6906 6953 7018 7045 7059 7093 7105 7108 7118 7125 7142 7159 7161 7194 7196 7201 7233 7254 7261 7281 7302 7320 7325 7328 7363 7369 7384 7439 8035
101 3271 3303 3306 3316 3343 3346 3367 3457 3459 3529 3683 3759 3799 3957 4034 4051 4131 4288 4514 4595 4600 4608 4641 4643 4739 4777 4778 4826 4830 4895 4984 5029 5032 5048 5054 5120 5145 5226 5247 5270 5271 5276 5329 5330 5333 5390 5395 5404 5434 5449 5476 5501 5674 5679 5682 5690 5694 5832 5860 5887 5936 6007 6055 6097 6127 6149 6155 6179 6219 6379 6409 6429 6438 6498 6530 6557 6564 6587 6639 6678 6690 6704 6733 6761 6801 6824 6854 6860 6894 6898 6984 7004 7010 7019 7068 7080 7085 7092 7096 7100 7559
106 3311 3331 3381 3405 3449 3476 3519 3755 3820 3884 3893 4060 4106 4176 4206 4218 4227 4412 4425 4434 4481 4482 4532 4538 4554 4571 4578 4582 4627 4650 4670 4678 4788 4798 4899 4926 4934 5011 5021 5166 5167 5232 5241 5339 5355 5364 5385 5386 5447 5568 5627 5632 5636 5657 5681 5705 5737 5738 5742 5767 5788 5813 5833 5865 5875 5910 6052 6082 6083 6113 6199 6207 6215 6234 6247 6252 6330 6335 6403 6415 6427 6571 6579 6599 6683 6720 6727 6729 6736 6738 6752 6771 6782 6808 6869 6967 7054 7102 7116 7129 7141 7147 7150 7206 7313 7852
107 3373 3488 3515 3620 3627 3815 3819 3833 3974 4006 4061 4076 4411 4423 4430 4584 4639 4645 4647 4665 4766 4806 4898 4983 5016 5033 5156 5182 5318 5457 5461 5466 5515 5555 5570 5589 5591 5666 5673 5717 5723 5877 5879 5888 5894 5913 5927 5948 6095 6181 6297 6319 6402 6411 6436 6444 6449 6467 6567 6590 6591 6610 6644 6716 6792 6839 6856 6877 6886 6963 6983 7016 7078 7089 7163 7178 7226 7245 7282 7285 7290 7299 7304 7318 7334 7335 7344 7351 7383 7431 7447 7452 7504 7510 7524 7549 7564 7606 7640 7664 7671 7678 7752 7761 7774 7868 616
99 3545 3557 3575 3826 4191 4210 4247 4261 4265 4282 4382 4445 4453 4507 4518 4531 4580 4631 4795 4812 4817 4827 4853 4878 4936 4945 4998 5094 5105 5116 5127 5221 5243 5248 5258 5300 5583 5626 5630 5668 5721 5730 5774 5775 5781 5793 5835 5837 5845 5849 5854 5855 5859 5864 5872 5918 5921 5925 5939 6009 6027 6031 6066 6093 6137 6202 6235 6329 6371 6386 6420 6421 6493 6597 6600 6613 6682 6692 6706 6710 6728 6772 6793 6825 6862 6875 6923 6937 6940 6943 6959 7026 7052 7095 7120 7135 7154 7156 9822
102 4217 4243 4291 4326 4462 4593 4646 4705 4711 4799 4863 4866 4905 4910 4933 4990 5144 5605 5613 5670 5915 5934 5996 6183 6232 6257 6426 6523 6527 6559 6561 6580 6640 6677 6686 6702 6731 6768 6769 6832 6911 6951 6972 6981 7043 7047 7063 7065 7073 7119 7148 7162 7173 7237 7238 7274 7277 7287 7289 7354 7382 7394 7428 7455 7461 7508 7567 7583 7586 7616 7652 7660 7677 7687 7705 7736 7744 7759 7766 7777 7782 7789 7798 7806 7844 7862 7888 7889 7904 7918 7941 7944 7950 7978 8009 8013 8029 8045 8073 8100 8104 8397
118 4456 4475 4478 4527 4555 4925 4967 4972 5352 5393 5405 5408 5409 5509 5592 5645 5651 5652 5702 5711 5726 5777 5926 5991 6019 6022 6045 6050 6065 6094 6146 6168 6186 6198 6242 6453 6479 6507 6618 6625 6642 6725 6834 6873 6893 6936 6979 7022 7097 7099 7197 7215 7228 7305 7312 7345 7362 7368 7381 7410 7464 7480 7521 7545 7561 7625 7676 7704 7723 7742 7758 7773 7805 7843 7845 7915 7959 7985 7989 7996 8054 8064 8086 8088 8115 8142 8153 8171 8181 8182 8226 8286 8310 8316 8371 8391 8416 8417 8420 8434 8436 8446 8453 8458 8471 8486 8540 8555 8561 8565 8573 8575 8601 8673 8685 8701 8707 8839
97 4479 4509 4577 4915 4949 4963 5070 5130 5134 5169 5178 5237 5483 5539 5562 5706 5722 5739 5757 5882 5906 5916 5985 5998 6034 6048 6075 6086 6087 6126 6210 6220 6317 6342 6355 6441 6455 6458 6459 6473 6616 6617 6641 6724 6749 6751 6800 6830 6850 6864 6865 6872 6968 6978 6986 7039 7044 7074 7177 7181 7208 7227 7230 7355 7366 7385 7397 7398 7421 7434 7449 7472 7535 7540 7544 7554 7562 7570 7598 7600 7609 7614 7645 7655 7679 7692 7707 7720 7732 7747 7748 7756 7765 7781 7812 7819 195
101 4525 4682 4702 4715 4757 4808 4819 4820 4859 4880 4943 5028 5211 5604 5640 5773 5830 5866 5892 5984 5988 6001 6116 6130 6139 6173 6237 6336 6430 6443 6462 6540 6576 6611 6612 6629 6691 6721 6853 6858 6920 6942 6957 7002 7027 7031 7040 7066 7091 7160 7327 7339 7422 7432 7458 7471 7474 7477 7548 7568 7571 7631 7662 7682 7684 7715 7727 7737 7738 7749 7794 7802 7834 7836 7881 7931 7951 7990 8057 8077 8130 8137 8229 8280 8314 8326 8342 8346 8353 8359 8375 8377 8382 8422 8426 8482 8489 8502 8516 8648 8681
108 4551 4567 4659 4664 4692 4767 4772 5111 5121 5137 5140 5142 5165 5170 5176 5205 5286 5310 5338 5377 5394 5402 5513 5564 5754 5758 5769 5772 5825 5829 5862 5874 5899 5952 5987 5997 6012 6039 6078 6129 6132 6140 6160 6170 6194 6213 6298 6315 6321 6347 6349 6450 6472 6574 6609 6623 6670 6708 6760 6767 6816 6823 6855 6857 6990 6997 7009 7056 7115 7144 7200 7205 7207 7213 7279 7306 7348 7353 7365 7391 7580 7617 7647 7880 7905 7962 7964 7976 8046 8096 8178 8187 8214 8279 8309 8320 8323 8341 8356 8365 8374 8473 8578 8589 8614 8615 8636 8735
100 4560 4669 4699 4771 4928 4948 4997 5006 5017 5037 5113 5114 5123 5260 5294 5315 5445 5468 5489 5535 5536 5572 5607 5609 5671 5724 5727 5805 5820 5953 5959 6000 6021 6100 6122 6147 6154 6180 6333 6352 6373 6378 6390 6631 6654 6693 6703 6807 6829 6910 7032 7033 7134 7149 7165 7198 7210 7217 7236 7300 7361 7626 7641 7656 7667 7710 7787 7832 7840 7842 7875 7883 7893 7894 7902 7924 7930 7933 7995 8012 8034 8082 8128 8148 8196 8198 8204 8206 8216 8246 8248 8403 8441 8541 8628 8630 8641 8665 8668 9416
102 4609 4628 4642 4730 4776 4779 4809 4843 4924 4942 5023 5131 5150 5152 5154 5193 5223 5227 5266 5292 5327 5622 5654 5752 5819 5850 5929 5933 5942 5950 5956 5975 5978 6233 6239 6263 6300 6310 6395 6460 6602 6634 6635 6637 6711 6765 6778 6817 6841 6970 7055 7069 7075 7166 7203 7303 7316 7321 7380 7403 7411 7534 7543 7630 7659 7695 7708 7778 7790 7808 7831 7884 7892 8075 8081 8084 8176 8183 8184 8189 8238 8239 8245 8253 8321 8332 8427 8459 8477 8484 8495 8534 8538 8549 8558 8651 8654 8667 8670 8679 8760 5579
102 4733 4802 4842 5136 5172 5177 5208 5262 5263 5302 5676 5699 5970 6131 6188 6209 6212 6483 6491 6516 6601 6619 6651 6665 6700 6707 6776 6880 6976 7005 7038 7057 7084 7140 7171 7224 7488 7525 7566 7575 7601 7654 7696 7751 7768 7792 7828 7839 7874 7890 7938 7973 7979 7991 8000 8010 8040 8090 8092 8132 8218 8237 8243 8247 8256 8283 8383 8387 8411 8414 8424 8425 8503 8506 8517 8539 8585 8626 8661 8669 8693 8696 8756 8762 8787 8789 8794 8859 8861 8862 8875 8877 8884 8898 8906 8908 8917 8940 8993 9053 9129 9417
97 4774 4818 4930 5063 5115 5261 5288 5399 5419 5423 5597 5876 6201 6205 6223 6258 6325 6358 6422 6569 6581 6669 6681 6788 6818 6883 6900 6934 6955 6969 6998 7338 7375 7386 7457 7498 7725 7795 7835 7846 7864 7946 8024 8026 8055 8097 8134 8180 8201 8203 8236 8252 8266 8330 8413 8431 8494 8496 8528 8535 8548 8587 8593 8652 8705 8719 8805 8833 8834 8835 8849 8855 8868 8878 8879 8892 8934 8941 8946 8951 8954 9005 9011 9032 9061 9076 9108 9114 9121 9182 9229 9242 9266 9304 9316 9319 9421
106 4815 4837 4906 4911 4956 5009 5203 5253 5273 5279 5335 5396 5641 5697 5878 5940 6003 6171 6177 6196 6200 6225 6377 6392 6396 6416 6484 6494 6503 6786 6822 6891 6956 6958 6996 7006 7023 7187 7199 7229 7244 7267 7275 7442 7450 7531 7539 7558 7569 7599 7613 7621 7665 7668 7750 7833 7847 7936 8033 8044 8058 8070 8089 8131 8145 8163 8167 8170 8192 8197 8219 8225 8244 8258 8303 8307 8312 8432 8485 8544 8553 8595 8625 8627 8639 8703 8723 8726 8768 8869 8870 8874 8881 8894 8931 8980 8987 8995 9036 9276 9390 9398 9403 9412 9413 9426
107 5199 5204 5347 5371 5374 5381 5383 5401 5425 5446 5482 5493 5595 5664 5713 5745 5753 5964 6176 6178 6216 6383 6424 6435 6446 6456 6457 6542 6547 6551 6556 6647 6697 6756 6763 6844 6930 6999 7053 7082 7101 7103 7107 7174 7176 7202 7209 7214 7259 7296 7352 7395 7418 7425 7466 7482 7513 7515 7605 7636 7693 7772 7801 7826 7860 7863 7911 7942 7949 7975 8061 8079 8102 8112 8151 8158 8210 8284 8348 8354 8392 8396 8443 8509 8532 8583 8606 8633 8692 8711 8728 8749 8750 8764 8786 8795 8810 8872 8903 8938 8939 8949 8964 8974 8990 9107 9109
102 5230 5331 5349 5369 5460 5558 5762 5802 6089 6185 6218 6229 6509 6550 6577 6583 6753 6821 6932 6973 7012 7034 7046 7110 7153 7170 7175 7264 7286 7387 7492 7495 7537 7546 7716 7717 7728 7775 7810 7850 7857 7861 7961 8025 8091 8202 8232 8362 8367 8369 8376 8405 8406 8493 8605 8611 8659 8663 8677 8709 8741 8766 8826 8842 8864 8873 8904 8950 8960 8985 9004 9033 9077 9082 9086 9125 9139 9165 9188 9198 9224 9258 9269 9281 9289 9318 9358 9361 9404 9407 9434 9504 9535 9540 9593 9594 9597 9598 9626 9638 9651 9682
98 5439 5450 5458 5529 5541 5573 5680 5692 5765 5778 5800 6018 6023 6238 6272 6299 6312 6367 6399 6400 6401 6607 6701 6811 6845 6897 6931 7028 7061 7094 7186 7191 7283 7332 7333 7733 7754 7829 7854 7896 7909 7937 7952 7987 8001 8005 8023 8048 8094 8101 8125 8138 8242 8290 8331 8357 8395 8409 8421 8472 8478 8479 8483 8671 8710 8837 8905 8999 9001 9007 9039 9056 9072 9092 9128 9232 9241 9244 9247 9252 9257 9291 9311 9329 9342 9380 9401 9433 9507 9553 9611 9627 9650 9842 9871 9931 278 1169
104 5451 5478 5552 5566 5567 5584 5650 5760 5766 5870 5909 5922 5958 6133 6143 6187 6245 6256 6274 6526 6532 6558 6563 6585 6671 6680 6694 6804 6895 6909 6960 6962 6965 7050 7232 7234 7239 7263 7295 7340 7390 7402 7417 7430 7485 7486 7500 7514 7572 7577 7604 7638 7691 7711 7718 7722 7992 7997 8043 8060 8108 8147 8160 8271 8317 8329 8381 8452 8465 8691 8694 8717 8733 8743 8851 8858 8876 8882 8901 8925 8927 8928 8972 8976 9021 9030 9050 9087 9091 9093 9096 9097 9101 9127 9141 9155 9301 9335 9340 9355 9367 9385 9429 3294
102 5497 5504 5575 5588 5689 5704 5857 5861 5928 5945 6689 6698 6715 6730 6746 6871 6878 6933 6975 7249 7266 7273 7284 7322 7326 7400 7407 7453 7735 7867 7966 7974 8049 8062 8118 8165 8174 8285 8291 8325 8334 8394 8445 8447 8457 8562 8598 8603 8631 8678 8712 8718 8771 8781 8799 8803 8830 8844 8992 8998 9006 9123 9130 9321 9332 9372 9375 9466 9478 9511 9514 9547 9612 9616 9686 9687 9770 9776 9853 9864 9877 9891 9939 9945 9955 27 29 99 130 199 209 224 242 243 261 266 275 291 355 391 397 1856
106 5616 5780 5848 6182 6246 6276 6521 6552 6566 6615 6655 6660 6674 6699 6723 6764 6820 6892 6908 7104 7257 7470 7557 7563 7594 7623 7709 7721 7746 7776 7783 7807 7816 7817 7878 7913 7919 7954 7998 8080 8195 8205 8212 8224 8264 8278 8288 8322 8340 8423 8435 8469 8490 8524 8591 8675 8682 8684 8745 8752 8785 8791 8797 8836 8847 8854 8865 8918 8923 8929 8953 8962 9009 9015 9034 9112 9169 9200 9250 9261 9267 9271 9273 9354 9364 9395 9402 9425 9443 9445 9453 9470 9483 9495 9564 9569 9572 9585 9589 9613 9624 9672 9677 9693 9717 9746
104 5649 5756 5979 6206 6271 6275 6279 6292 6313 6327 6605 6650 6667 6757 6863 6905 7117 7123 7146 7298 7378 7401 7406 7690 7726 7811 7879 7943 7983 7984 7994 8103 8114 8166 8193 8408 8487 8522 8525 8547 8571 8608 8688 8725 8754 8792 8812 8820 8911 8933 8959 9099 9135 9138 9167 9175 9186 9190 9265 9283 9300 9309 9334 9337 9344 9351 9359 9378 9406 9410 9461 9469 9544 9546 9549 9628 9643 9656 9720 9728 9738 9753 9762 9794 9800 9806 9838 9863 9874 9887 9932 9933 9935 9941 9950 9956 9961 9972 9996 1 21 35 125 519
100 5895 6038 6070 6105 6197 6244 6287 6316 6346 6419 6614 6744 6790 6952 6987 7025 7168 7252 7743 7757 7770 7823 7901 7956 8014 8032 8056 8068 8161 8251 8255 8295 8360 8364 8378 8429 8437 8463 8470 8510 8594 8660 8695 8699 8706 8708 8722 8765 8814 8866 8880 8991 9018 9031 9143 9177 9196 9201 9211 9245 9256 9314 9320 9325 9341 9377 9381 9386 9393 9408 9432 9476 9489 9491 9519 9532 9567 9570 9590 9591 9599 9605 9617 9631 9654 9675 9689 9798 9805 9819 9828 9831 9845 9880 39 66 79 89 124 216
105 6664 6709 6737 6745 6781 6784 6899 6918 7139 7218 7347 7372 7416 7634 7637 7642 7694 7788 7799 7822 7947 8021 8120 8126 8172 8173 8305 8324 8680 8700 8738 8852 9019 9024 9029 9040 9057 9104 9185 9362 9389 9394 9424 9448 9456 9468 9474 9561 9647 9665 9679 9697 9704 9710 9755 9782 9817 9832 9898 9923 70 112 117 150 190 234 293 313 341 350 361 429 466 491 538 546 567 611 628 645 662 673 843 900 975 1063 1276 1412 1423 1463 1468 1483 1703 1722 1846 1868 1882 1902 1988 2000 2027 2038 2056 2141 5938
102 6775 6879 7086 7145 7240 7242 7341 7364 7399 7435 7437 7440 7468 7479 7560 7607 7618 7632 7685 7753 7785 7793 7927 7932 8234 8259 8343 8345 8468 8619 8713 8780 8818 8895 9008 9081 9083 9163 9179 9222 9223 9233 9254 9272 9306 9327 9346 9383 9464 9518 9636 9664 9684 9727 9740 9744 9767 9786 9787 9851 9881 9946 9951 9952 9979 9987 60 65 92 95 128 143 187 233 431 642 668 678 681 849 886 916 986 1049 1051 1066 1106 1148 1376 1455 1576 1585 1679 1701 1830 1852 1855 1857 1858 1862 1878 3272
96 6796 6859 6915 6947 6994 7083 7113 7121 7212 7278 7796 7849 7887 7972 8015 8022 8076 8127 8188 8686 8757 8860 9055 9118 9120 9124 9131 9134 9148 9166 9170 9184 9236 9238 9249 9307 9331 9415 9438 9457 9551 9559 9582 9621 9645 9652 9670 9690 9707 9721 9759 9855 9867 9875 9885 9886 14 57 59 107 255 281 400 401 415 443 460 534 595 680 698 729 759 819 821 822 838 853 1027 1037 1177 1226 1237 1403 1421 1527 1613 1617 1644 1649 1698 1732 1789 1815 2162 2539
102 6826 6889 7003 7064 7109 7179 7188 7216 7221 7414 7584 7627 7779 7858 7910 8020 8028 8083 8139 8240 8241 8327 8467 8488 8497 8521 8523 8632 8777 8798 8802 8804 8811 9025 9026 9045 9046 9070 9071 9149 9171 9206 9209 9225 9277 9308 9350 9369 9450 9460 9472 9480 9497 9685 9709 9711 9725 9739 9749 9788 9803 9837 9848 9868 9873 9902 9909 9937 43 50 75 80 82 96 102 144 212 214 340 406 410 592 612 633 639 671 694 731 757 800 834 851 1185 1186 1329 1338 1521 1548 1689 1694 1747 1961
95 6995 7219 7255 7314 7315 7475 7511 7578 7581 7595 7780 7866 7907 7969 8050 8078 8087 8175 8338 8384 8419 8462 8568 8572 8739 8746 8913 8919 9000 9049 9065 9115 9133 9192 9279 9322 9338 9493 9512 9522 9586 9595 9653 9692 9698 9724 9816 9825 9900 9969 9998 85 153 168 191 247 287 394 413 414 467 503 537 539 558 559 563 590 630 756 914 919 920 1097 1188 1196 1267 1478 1594 1600 1765 1770 1968 2016 2040 2041 2269 2321 2339 2340 2463 2554 2720 2772 2780
101 7024 7262 7270 7323 7538 7622 7624 7719 7755 7882 7885 7958 8220 8588 8616 8657 8662 8676 8727 8916 9017 9028 9144 9151 9387 9396 9431 9458 9486 9488 9509 9526 9528 9533 9560 9773 9844 9860 9862 9870 9893 9940 9977 9990 4 156 215 252 307 338 432 476 478 522 560 579 632 682 697 749 827 864 1041 1042 1047 1060 1072 1081 1109 1121 1153 1189 1248 1405 1504 1674 1769 2124 2146 2170 2180 2258 2476 2506 2630 2634 2727 2880 3021 3050 3070 3198 3364 3429 3433 3533 3871 3938 3945 3955 4127
98 7030 7138 7204 7258 7821 7935 8106 8339 8438 8475 8520 8533 8576 8623 8937 8944 8967 9324 9347 9409 9451 9477 9484 9548 9580 9600 9713 9723 9731 9732 9736 9737 9783 9789 9812 9861 9924 9968 9980 9997 5 183 207 208 325 335 383 396 444 472 525 603 655 719 892 918 991 994 1005 1074 1107 1144 1175 1324 1369 1414 1479 1488 1545 1625 1639 1814 1869 1952 2062 2325 2528 2722 2759 2779 2795 2932 3084 3132 3379 3426 3505 3550 3673 3697 3735 3776 3806 3864 3886 3948 3964 4368
97 7035 7079 7164 7247 7280 7310 7317 7358 7371 7379 7415 7542 7635 7643 7702 7703 8042 8098 8144 8150 8257 8390 8501 8530 8672 8697 8736 8747 8801 8808 8893 8899 8922 8957 9027 9069 9074 9199 9203 9259 9388 9581 9606 9609 9764 9769 9811 9975 18 28 32 78 88 91 155 173 239 279 331 348 403 493 494 524 765 790 894 898 945 1083 1214 1364 1393 1410 1462 1473 1476 1497 1663 1665 1683 1838 1873 1916 2208 2245 2407 2464 2465 2595 2761 2791 3136 3173 3203 3210 4436
108 7098 7231 7271 7373 7427 7429 7588 7650 7699 7872 7908 7920 7939 7963 8011 8143 8156 8179 8207 8653 8715 8758 8759 8863 8886 8920 9054 9085 9102 9103 9113 9116 9368 9419 9503 9516 9556 9601 9639 9660 9785 9797 9857 9888 9936 9959 9981 9992 74 94 109 196 223 268 277 309 395 408 416 423 442 464 518 552 605 634 652 683 816 817 963 964 1199 1280 1363 1408 1440 1452 1553 1619 1662 1784 1796 1861 1888 1919 1959 1976 2006 2035 2231 2296 2359 2382 2503 2519 2551 2558 2559 2641 2643 2736 2785 2852 2878 3086 3144 3925
98 7329 7454 7585 7603 7701 7769 8041 8222 8333 8399 8511 8536 8751 8755 8828 8841 8945 9020 9060 9172 9178 9216 9243 9263 9382 9498 9513 9529 9554 9633 9649 9659 9683 9688 58 163 304 308 326 333 352 374 398 434 435 488 578 852 1026 1028 1114 1317 1509 1518 1531 1622 1670 1818 1937 2158 2264 2295 2300 2343 2366 2434 2550 2606 2670 2926 2934 3125 3180 3233 3246 3304 3356 3358 3380 3460 3471 3540 3546 3578 3595 3643 3699 3838 3852 3854 3885 3915 4005 4064 4071 4113 4160 4338
103 7445 7483 7506 7520 7528 7592 7657 7714 7820 7838 7851 7960 7968 8157 8230 8250 8296 8401 8418 8440 8554 8581 8584 8586 8737 8742 8824 8883 8921 8942 8989 9041 9044 9119 9136 9174 9356 9439 9485 9520 9579 9584 9655 9681 9847 9906 9928 121 229 264 523 532 553 562 569 1025 1249 1256 1258 1599 1646 1759 1794 1806 2152 2165 2336 2361 2377 2391 2429 2827 2834 2856 2921 2939 3071 3129 3141 3229 3418 3489 3552 3569 3958 3961 3963 4021 4075 4093 4187 4320 4335 4365 4401 4679 4840 4856 4951 5138 5340 5503 6107
104 7481 7496 7602 7661 7666 7762 7763 7876 7898 7977 8135 8208 8209 8298 8306 8313 8349 8454 8456 8658 8687 8698 8770 8778 8943 8978 9218 9490 9499 9575 9587 9603 9775 9792 9799 9905 9989 20 34 172 181 192 217 262 272 283 315 364 787 862 909 1038 1211 1400 1438 1449 1595 1637 1700 1724 1791 2013 2050 2082 2096 2118 2182 2186 2449 2455 2549 2695 2818 2828 2881 2900 2945 2954 2974 2981 3049 3118 3130 3133 3219 3388 3514 3636 4013 4129 4155 4171 4270 4290 4297 4354 4415 4431 4458 4490 4566 4622 4635 4672
102 7499 7574 7674 7784 7824 7871 7906 8016 8099 8155 8263 8281 8734 8783 8793 8853 8871 8902 8975 8983 9003 9073 9150 9227 9260 9282 9294 9298 9392 9400 9454 9510 9517 9563 9640 9700 9708 9719 9784 9839 9872 9883 9892 9910 9947 9949 9974 9985 9986 9993 9999 44 86 106 116 118 129 131 197 319 334 583 586 679 702 710 734 766 828 949 1050 1129 1173 1207 1222 1224 1257 1439 1492 1543 1583 1627 1685 1918 1931 2327 2461 2510 2531 2793 2830 3051 3163 3221 3273 3285 3357 3541 3615 3628 3795 4249
111 7505 7712 7767 7800 8072 8109 8136 8228 8817 8843 8977 9051 9084 9106 9156 9157 9191 9197 9215 9226 9228 9501 9558 9646 9752 9774 9796 9926 9984 46 67 240 447 451 644 771 873 884 966 1120 1132 1252 1320 1327 1495 1629 1907 1925 1941 2063 2179 2406 2467 2474 2491 2884 2898 2957 2968 2975 3135 3242 3247 3431 3630 3767 3781 3975 4148 4178 4377 4410 4422 4637 4743 4752 5207 5268 5296 5297 5341 5389 5619 5635 5684 5712 5764 5811 5818 5898 5999 6049 6088 6136 6227 6341 6468 6541 6594 6806 6866 6881 7152 7167 7184 7443 7501 7517 7519 7619 7644
106 7507 7530 7582 7729 7764 7797 7988 8065 8372 8373 8388 8448 8508 8551 8610 8790 8897 8910 9063 9068 9189 9253 9427 9446 9471 9571 9630 9637 9657 9801 9802 9988 53 179 238 436 475 506 528 530 541 706 1430 1456 1496 1524 1540 1706 1708 1801 1898 2243 2266 2302 2346 2866 3189 3265 3523 3618 3695 4073 4089 4212 4268 4324 4378 4396 4416 4472 4529 4848 4868 4923 4938 4952 5057 5124 5184 5198 5238 5242 5301 5485 5599 5634 5763 5770 5827 5834 5947 5963 5994 6041 6211 6283 6304 6306 6344 6374 6470 6572 6743 6912 6938 7680
102 7533 7547 7553 7672 7681 7731 7739 8018 8051 8141 8215 8274 8366 8386 8466 8600 8724 8769 8806 8996 9016 9037 9152 9154 9268 9290 9440 9508 9523 9543 9658 9661 9671 9765 9813 9897 133 142 154 171 779 928 965 969 1300 1306 1341 1355 1383 1427 1635 1899 2049 2123 2169 2218 2228 2277 2990 3089 3227 3228 3268 3544 3973 4030 4134 4136 4165 4207 4209 4329 4493 4689 4713 4745 4775 4792 4857 4957 4960 5082 5185 5186 5603 5612 5683 5751 5755 5789 5801 5931 6343 6385 6413 6469 6553 6604 6748 6773 6852 6991
109 7615 7620 7814 7830 7917 7934 7971 8085 8315 8400 8480 8514 8570 8656 8827 8838 8889 9066 9173 9202 9251 9399 9475 9479 9521 9583 9676 9760 9858 9889 72 97 114 246 353 461 498 712 718 753 830 877 952 1217 1242 1286 1301 1314 1361 1484 1517 1530 1730 1797 1820 1834 1960 2259 2267 2950 2962 2963 3166 3174 3466 3609 3610 3760 3769 3927 4112 4137 4237 5314 5359 5701 5740 6104 6231 6291 6471 6505 6522 6544 6713 6755 6950 6977 6982 7090 7126 7412 7487 7579 7649 7700 7873 8344 8350 8491 8721 8924 8966 8982 8984 9042 9207 9210 9270
103 7669 7683 7809 7993 8008 8093 8111 8116 8123 8133 8159 8164 8186 8254 8512 8822 8935 8936 8952 9090 9348 9525 9534 9539 9678 9695 9716 9771 9772 9919 9957 19 45 90 182 248 249 265 270 276 285 328 332 437 565 568 726 761 1156 1232 1269 1294 1298 1315 1464 1799 1837 1845 1910 1957 1970 2076 2156 2484 2622 2657 2815 2832 2987 3090 3110 3428 3725 3809 3837 3847 3880 3951 3976 3982 4014 4039 4084 4092 4225 4234 4379 4391 4585 5153 5239 5345 5430 5432 5828 5863 6072 6077 6262 6555 6589 6596 6626
103 7706 7786 7922 7926 8066 8249 8428 8597 8599 8624 8649 8784 8988 9089 9158 9162 9231 9237 9287 9317 9330 9487 9602 9610 9668 9674 9780 9804 9807 9833 9917 9920 9962 9965 9983 12 108 164 244 269 584 762 767 775 1210 1270 1336 1482 1628 1641 1709 1744 1748 1778 1913 1923 1935 2160 2212 2358 2395 2416 2682 2756 2782 2902 2966 2993 3007 3165 3745 4000 4016 4114 4183 4202 4451 4459 4463 4497 4545 4563 4969 4981 4995 5027 5069 5078 5180 5194 5284 5299 5324 5890 5977 5980 6035 6560 6658 6688 6861 7062 7106
111 7859 7870 7957 8036 8037 8370 8607 8643 8731 8775 9064 9132 9430 9524 9566 9573 9734 103 140 159 253 263 288 322 390 601 627 815 954 978 1019 1174 1197 1262 1454 1465 1474 1500 1645 1714 2053 2060 2174 2334 2512 2544 2565 3151 3277 3323 3452 3827 3953 4080 4144 4231 4264 4305 4350 4427 4471 4591 4605 4624 4831 5155 5168 5257 5283 5350 5372 5388 5433 5437 5577 5646 5797 5824 5917 5920 6033 6036 6157 6175 6381 6477 6486 6524 6627 6638 6666 6754 6799 6903 6907 6964 6993 7008 7017 7241 7367 7396 7465 7633 7658 7848 8031 8107 8439 8481 8848
107 8053 8071 8095 8200 8300 8347 8358 8442 8634 8729 8773 8800 8832 9094 9212 9391 9437 9473 9614 9663 9696 9712 9766 9778 9793 9795 9921 9958 9960 589 677 908 1022 1135 1166 1891 2066 2087 2205 2679 2721 2726 3052 3072 3140 3299 3518 3617 3633 3660 3950 4292 4386 4418 4521 4596 4620 5143 5188 5210 6190 6528 6575 6624 6814 6815 6885 7076 7122 7155 7291 7555 7804 7967 7970 8355 8498 8505 8507 8744 8815 9088 9095 9313 9370 9462 9527 9866 9879 83 113 2244 2398 2420 2448 2956 3059 3312 3383 3424 3551 3586 3635 3659 3977 4615 4810
102 8069 8211 8213 8379 8753 8867 9205 9230 9255 9296 9397 9531 9576 9718 9824 9841 9882 9908 9954 9966 2 101 138 1534 1568 1575 1946 2077 2335 2351 2385 2426 2458 2789 3093 3188 3211 3239 3329 3561 3562 3623 3685 3738 3756 4145 4159 4180 4502 4522 4978 5035 5041 5042 5149 5218 5353 5358 5479 5532 5995 6016 6043 6545 6573 6592 6645 6805 7049 7180 7193 7272 7294 7349 7357 7491 8110 8121 137 152 162 205 220 250 357 428 720 812 1024 1062 1513 1514 1535 1943 2659 2707 2886 3099 3276 3334 3713 5090
108 8363 8464 8629 8821 8948 9012 9022 9302 9447 9467 9642 9666 9706 9808 126 157 194 887 1115 1220 1260 1407 1753 2255 2263 2305 2399 2445 2609 2689 3121 3154 3252 3278 3302 3326 3430 3574 3576 3625 3645 3829 3859 4166 4194 4673 4681 4685 4801 4803 4846 4860 4900 4913 5038 5321 5337 5357 5472 5530 5719 5732 5823 6243 6267 6497 6620 6663 6675 6759 6777 6985 7077 7088 7424 8047 8105 8433 8732 8885 9187 284 318 362 367 424 1864 1981 2025 2387 2392 2517 2629 2661 3194 3216 3473 3596 3965 4028 4044 4050 4256 5594 5608 5642 5691 9915
106 8518 8519 8613 8788 8887 8891 9164 9459 9622 9667 9830 9846 9970 51 81 98 141 271 1867 1904 2078 2229 2234 2292 2303 2356 2409 2430 2509 2538 2576 2668 2687 2807 3047 3251 3283 3298 3307 3315 3729 6791 6971 7060 7330 7438 7441 7473 7610 7611 7628 7886 8074 8168 8293 8500 8582 9743 9896 9904 9918 9971 6 100 169 231 237 251 801 934 1458 1529 2322 2808 2814 2854 2876 3015 3019 3124 3365 3650 4025 4085 4271 4387 4395 4397 4828 5602 5873 5903 6261 6514 6608 6622 6842 6913 6921 7036 7359 7374 7523 8231 8265 40
102 8655 8965 9002 9673 9748 9777 9826 9878 23 178 219 515 708 709 1792 1812 1813 2107 2181 2189 2304 2331 2508 2614 2624 2774 2837 3033 3054 3108 3127 3664 3669 3750 3983 3985 4750 5022 5059 5067 5101 5197 5343 5914 6228 6439 6504 6535 6661 6882 6922 6954 7087 7111 7172 7235 7253 7293 7393 7532 7573 7639 7646 7651 7724 8129 8235 8451 8492 8646 8809 8900 9110 9145 9183 9195 9204 9384 9869 10 36 56 71 132 316 505 572 786 937 957 958 1010 1259 1515 1608 1668 1681 1754 1761 1828 1871 3389
104 9035 9220 9442 9669 9763 9854 185 296 297 387 409 496 509 607 748 780 796 799 872 959 1017 1099 1122 1149 1161 1321 1507 1559 1972 2662 2700 2743 3003 3119 3139 3183 3526 3530 3538 3563 3721 3858 3878 3897 4140 4244 4295 4331 4630 4638 4931 5201 5598 5611 5647 5790 5902 5932 6302 6353 6475 6586 6588 6876 6904 6961 7013 7029 7195 7897 7986 8169 8460 8546 463 561 570 587 1065 1124 1493 1542 2240 2318 2847 3092 3097 3155 3208 3537 3629 3783 3987 3998 4241 4277 4327 4392 4722 4751 4769 4887 5053 5703
101 9059 9542 9726 9750 9840 9852 9899 9963 26 236 256 324 393 499 500 1544 1551 1564 1692 1723 1756 2293 2546 2998 3040 3193 3368 3686 3703 3736 3742 4503 4579 5360 5517 5688 5700 5852 5883 6025 6040 6060 6254 6264 6277 6278 6294 6295 6314 6584 6643 6657 6676 6696 6868 6901 6944 7192 7225 7276 7309 7451 7698 7818 8113 8122 8301 8556 9140 9168 9363 9761 226 593 889 896 1362 1822 2117 2126 2140 2233 2487 2853 2917 3470 3571 3989 4328 4334 4355 4366 4449 4536 4594 5084 5363 5791 5838 6109 7462
101 9213 9221 9343 9538 9550 9791 9815 9821 9907 165 167 302 345 365 402 430 550 609 629 659 686 696 1086 1213 1313 1367 1388 1450 1503 2504 2592 2625 2845 3202 3531 3684 3931 3942 4077 4079 4101 4110 4251 4253 4255 4263 4321 5475 6192 6214 6536 6548 6714 6849 6851 6890 7048 7114 7336 7460 7565 7675 7813 8119 8389 8596 8763 8779 9285 9303 9305 9339 9352 9555 9578 9608 9865 9901 189 625 649 835 895 1091 1469 1481 1506 1783 1987 2326 3067 3160 3187 3443 3496 3499 3688 3694 4259 4367 5687
111 9274 9357 274 294 327 342 351 420 453 456 865 875 911 917 1082 1095 1108 1141 1409 1429 1505 2249 2276 2587 2912 2949 2992 3676 3696 3959 4298 4342 4607 4644 4725 4755 4919 5107 5110 5148 5215 5311 6334 6391 6432 6465 6502 6513 6543 6593 6762 6779 7157 7518 7590 7689 7865 7914 7948 7955 8527 8640 8664 8816 8823 9286 9414 9494 9505 9574 9604 9619 9699 9820 9925 9942 25 54 151 225 273 295 312 358 711 1146 1150 1485 1533 1610 2433 2543 2588 2717 3167 3250 3555 3698 3988 4294 4441 4833 4869 5076 6318 6360 6442 6454 6582 7503 7551
98 9299 9552 9856 9914 9929 9943 1953 2145 2316 2328 2383 2384 2412 2824 2899 3111 3485 3525 3922 4284 4339 4389 4537 4556 4987 4993 5496 5628 5696 6004 6017 6158 6281 6289 6338 6425 6461 7389 7648 7803 8117 384 462 575 746 844 859 899 942 998 1243 1389 1431 1442 1734 1805 1811 2207 2684 2796 3042 3638 3822 4042 4087 5785 5798 6002 6053 6362 6375 6452 6518 6735 6742 6750 6798 6946 7413 8019 8030 8052 1283 1541 3372 3564 3566 4588 4677 4814 4852 4901 5100 5320 5348 5428 5452 5463
97 9934 9967 2191 2323 3022 3143 3321 3325 3494 4262 4640 4940 5091 5370 5400 5600 6092 6112 6152 6672 6833 6838 6843 6945 7000 7020 7182 7331 7350 7392 7405 7433 7596 8149 8267 8526 545 624 664 832 1036 1547 2299 2411 2561 2600 2723 2792 2931 4269 4357 4404 4655 4656 4688 4902 4903 5049 5109 5406 5473 6067 6081 6111 6117 6259 6554 7268 7342 7825 7841 8003 8063 8124 8162 8543 8577 9623 9691 9758 9810 9911 221 299 300 1312 1883 2068 2297 2805 2842 3043 3077 3789 3917 4304 4553
