25 13 23 26 60 62 80 87 110 140 143 153 183 211 241 244 246 269 293 296 312 344 378 448 496 519
28 27 34 40 82 91 93 106 111 161 223 225 231 234 254 255 268 272 284 298 316 374 399 415 427 451 503 531 592
26 45 78 90 108 130 158 163 164 174 194 199 228 249 264 297 299 302 307 329 349 441 453 467 511 582 3227
21 94 128 170 171 173 177 203 258 259 270 335 354 355 364 372 442 480 491 518 537 647
26 102 159 182 191 229 232 250 252 257 292 331 337 361 379 381 398 424 433 459 464 486 497 501 561 655 694
24 138 188 273 289 308 311 313 334 339 367 386 440 454 458 506 543 607 616 617 637 696 697 960 2107
26 152 227 276 291 294 319 356 360 384 387 406 475 492 505 508 549 562 579 614 634 638 677 764 819 973 4087
25 156 175 256 338 343 365 380 392 452 510 522 604 618 646 657 668 695 714 717 749 769 788 824 849 969
24 207 271 350 357 385 409 413 521 527 580 585 611 613 631 658 707 708 732 737 796 825 900 1199 7264
24 275 281 404 408 435 437 465 525 532 545 564 568 623 633 649 705 725 735 754 787 806 836 977 1154
21 280 286 288 304 320 358 373 529 539 557 635 645 650 672 723 752 809 843 845 1177 1289
27 327 328 336 421 443 456 484 530 550 560 567 603 628 639 669 716 742 748 757 783 808 814 859 860 869 1099 1445
25 352 416 422 466 468 472 546 584 600 643 693 733 744 759 761 765 821 826 856 882 936 946 1185 1766 7414
22 377 405 417 429 432 473 499 565 569 609 664 700 756 763 767 770 818 852 870 1212 1363 2423
25 395 436 446 460 462 489 513 662 670 715 741 777 831 903 904 905 913 921 932 948 990 1001 1235 1298 2451
24 445 450 477 504 541 576 594 636 673 713 758 762 772 776 786 823 857 889 891 937 950 1268 1508 3232
25 474 479 540 555 572 674 685 718 778 781 782 815 830 840 847 853 867 876 892 940 951 966 1315 1596 2894
27 482 487 571 589 590 630 689 734 753 798 799 838 917 938 955 976 988 1005 1108 1119 1184 1345 1367 1627 1635 2103 9895
24 526 528 598 605 606 679 720 789 790 822 832 844 920 958 985 992 1008 1018 1031 1061 1115 1136 1397 3399
25 534 544 627 675 739 833 865 866 981 999 1013 1058 1065 1072 1086 1112 1181 1227 1255 1313 1399 1551 1637 2254 5255
25 548 563 593 610 690 743 848 868 872 877 895 982 1033 1043 1075 1077 1107 1110 1183 1209 1263 1270 1323 1350 1648
24 551 653 682 745 793 871 878 907 909 914 984 1047 1073 1084 1090 1129 1237 1266 1288 1295 1327 1503 1651 3767
27 553 659 663 678 703 760 794 841 886 911 916 918 947 998 1050 1190 1200 1202 1254 1305 1316 1369 1473 1653 1778 1921 4361
29 558 596 656 665 667 676 684 704 771 800 893 933 954 965 1052 1057 1088 1156 1164 1208 1232 1277 1279 1333 1385 1484 1665 1864 2084
30 570 612 687 702 779 784 792 851 888 902 925 972 997 1044 1046 1054 1117 1195 1201 1230 1234 1274 1297 1337 1361 1446 1522 1690 1793 2388
33 577 625 698 736 780 785 791 883 901 943 991 1002 1003 1029 1063 1114 1161 1213 1246 1252 1273 1284 1331 1347 1378 1393 1428 1464 1533 1738 1773 2149 6575
28 586 601 626 747 817 837 899 926 974 995 1000 1023 1034 1056 1068 1122 1169 1216 1251 1311 1374 1396 1486 1540 1739 1791 1868 2436
29 602 688 726 810 850 873 908 930 939 980 1007 1011 1045 1085 1091 1094 1173 1224 1265 1291 1296 1324 1328 1375 1404 1550 1559 1911 2507
32 654 766 854 879 919 941 975 987 1039 1069 1097 1102 1103 1137 1221 1225 1231 1286 1332 1355 1362 1372 1443 1449 1474 1601 1607 1638 1851 1954 1990 2288
27 660 773 874 896 906 931 949 956 1012 1020 1092 1126 1135 1272 1336 1366 1379 1381 1447 1454 1509 1615 1672 1946 1993 2338 5107
31 666 804 811 910 928 952 970 996 1028 1032 1082 1104 1158 1163 1176 1188 1308 1382 1383 1403 1426 1432 1455 1479 1518 1543 1629 1678 2007 2367 2518
27 671 816 915 961 979 1004 1064 1074 1166 1172 1223 1353 1376 1400 1438 1481 1500 1527 1538 1626 1634 1655 1697 2016 2155 2659 2980
27 681 724 750 839 968 1016 1042 1127 1132 1168 1182 1214 1261 1358 1391 1450 1471 1476 1478 1497 1546 1576 1705 1727 2134 2480 5885
27 701 846 1014 1024 1025 1055 1149 1193 1207 1215 1244 1249 1409 1416 1456 1495 1502 1510 1513 1529 1580 1762 1801 1875 2157 2497 6091
29 719 746 862 1021 1036 1049 1076 1131 1151 1167 1218 1226 1228 1262 1294 1392 1439 1469 1523 1561 1570 1583 1594 1765 1820 1891 1928 2217 4644
28 820 929 994 1037 1053 1093 1160 1174 1219 1233 1292 1303 1314 1413 1488 1537 1565 1569 1586 1633 1682 1798 1916 1991 2249 2296 2681 6627
31 934 957 1038 1040 1051 1059 1095 1194 1242 1256 1309 1319 1321 1352 1451 1453 1496 1511 1578 1582 1605 1628 1669 1685 1728 1881 1967 2031 2213 2406 2994
29 962 1030 1060 1066 1080 1133 1198 1222 1253 1259 1290 1320 1401 1457 1536 1581 1591 1617 1646 1686 1714 1800 1937 1943 2008 2059 2215 2494 3082
29 993 1035 1067 1100 1123 1138 1238 1258 1269 1329 1371 1406 1452 1461 1535 1567 1584 1619 1663 1687 1716 1812 1939 2041 2075 2267 2504 3116 7527
29 1048 1062 1113 1124 1165 1243 1299 1301 1349 1389 1418 1458 1517 1571 1611 1624 1649 1696 1699 1718 1786 1947 1975 2067 2099 2386 2528 2611 3595
32 1109 1125 1139 1152 1203 1245 1302 1304 1317 1395 1405 1459 1467 1482 1530 1598 1613 1623 1625 1722 1731 1790 1815 1958 2088 2119 2349 2561 2582 2678 3143 4329
31 1130 1140 1148 1175 1178 1217 1229 1306 1307 1360 1402 1436 1483 1494 1606 1632 1640 1656 1729 1755 1782 1811 1834 1981 2105 2123 2380 2456 2565 3517 4131
28 1141 1143 1186 1192 1197 1236 1322 1326 1419 1444 1489 1498 1504 1616 1645 1652 1733 1775 1827 1841 1951 2054 2143 2431 2587 3107 3952 6148
30 1187 1191 1196 1205 1210 1239 1276 1282 1340 1354 1370 1423 1435 1460 1490 1507 1664 1673 1684 1748 1814 1857 1930 1957 2093 2189 2371 2493 2623 3708
29 1204 1247 1275 1283 1300 1342 1411 1427 1431 1493 1524 1544 1552 1713 1732 1741 1743 1757 1843 1869 1995 2046 2094 2268 2291 2530 2630 4171 8311
27 1271 1278 1293 1344 1368 1420 1477 1516 1526 1548 1585 1621 1636 1736 1763 1780 1803 1844 1859 1874 2095 2170 2273 2585 2661 3748 4300
29 1312 1398 1412 1414 1433 1519 1545 1557 1618 1642 1662 1726 1783 1789 1806 1850 1902 1912 1974 2063 2104 2203 2275 2306 2481 2620 2668 2791 4901
28 1359 1365 1407 1417 1429 1430 1440 1485 1532 1564 1589 1650 1661 1667 1819 1828 1845 1884 1922 1953 1978 2211 2308 2345 2400 2532 2719 3810
27 1364 1410 1421 1441 1487 1525 1555 1622 1630 1695 1701 1706 1832 1848 1903 1940 1945 1966 1997 2197 2214 2311 2329 2441 2467 2783 4347
26 1377 1424 1442 1448 1521 1541 1549 1643 1698 1721 1771 1830 1840 1858 1910 1970 1979 1982 2025 2177 2248 2357 2444 2634 3386 6090
30 1386 1415 1437 1491 1499 1515 1542 1603 1610 1647 1709 1742 1744 1774 1866 1876 1906 1931 1955 1984 1987 1989 2065 2257 2385 2487 2556 2810 3504 3818
28 1387 1468 1520 1554 1562 1588 1592 1609 1668 1723 1747 1761 1838 1886 1941 2022 2023 2035 2074 2079 2115 2261 2448 2516 2594 2804 3006 4188
30 1425 1531 1558 1575 1593 1620 1671 1683 1688 1724 1796 1829 1853 1887 1950 2026 2045 2073 2089 2109 2250 2264 2501 2544 2670 2781 2809 3021 4576 7649
30 1466 1492 1556 1560 1600 1604 1674 1707 1725 1749 1754 1870 1873 1894 1918 1973 2029 2112 2127 2159 2160 2269 2478 2510 2514 2616 2786 2952 3048 4964
30 1472 1512 1590 1597 1612 1689 1730 1792 1799 1915 1920 1929 1936 2006 2034 2043 2047 2118 2172 2190 2282 2328 2393 2498 2523 2716 2814 2879 3071 4331
31 1539 1670 1675 1681 1740 1750 1759 1797 1825 1880 1919 1948 1963 1977 2070 2131 2180 2196 2199 2285 2376 2398 2505 2706 2737 2789 2807 2901 3080 3375 5666
29 1566 1568 1691 1700 1715 1760 1770 1777 1837 1861 1867 1933 1952 1968 2015 2108 2113 2128 2164 2192 2210 2284 2294 2422 2571 2829 2936 3436 9346
27 1572 1573 1704 1737 1787 1804 1810 1849 1889 1934 1962 2010 2060 2087 2208 2222 2302 2360 2533 2537 2572 2848 2850 2956 3531 4659 6207
30 1574 1595 1614 1631 1639 1657 1676 1680 1708 1908 1935 1972 2032 2110 2133 2259 2277 2317 2336 2383 2559 2567 2703 2828 2881 2895 2957 3554 3634 4678
31 1577 1712 1745 1758 1794 1821 1839 1852 1899 1960 2004 2056 2077 2111 2173 2246 2272 2347 2363 2392 2405 2618 2691 2709 2712 2902 2968 3159 3570 4916 6422
31 1579 1599 1734 1746 1751 1756 1776 1795 1854 1882 1883 1986 1988 2014 2082 2114 2125 2130 2174 2271 2361 2374 2427 2626 2627 2749 2907 2925 3188 3642 5193
29 1587 1660 1768 1772 1855 1865 1871 1872 2011 2017 2165 2171 2185 2187 2200 2227 2344 2366 2377 2434 2667 2718 2776 2915 3038 3444 3876 4915 5453
29 1641 1752 1779 1809 1890 1913 1917 1971 2028 2040 2044 2121 2204 2206 2224 2229 2319 2362 2438 2443 2454 2721 2731 2779 2904 2969 3059 4184 5921
29 1717 1753 1805 1818 1822 1907 1923 1932 1980 2020 2033 2151 2181 2270 2402 2449 2455 2471 2476 2483 2491 2819 2834 2911 2985 3106 3285 4014 4275
30 1764 1807 1835 1863 1961 1994 1998 2001 2009 2030 2050 2066 2235 2237 2245 2299 2333 2420 2458 2461 2503 2545 2638 2844 2942 2999 3008 3334 4539 6479
32 1769 1788 1816 1860 1926 1969 1996 2021 2039 2055 2062 2076 2080 2220 2225 2226 2231 2307 2453 2490 2515 2529 2553 2694 2812 2862 2959 3024 3062 3422 4625 5517
30 1813 1824 1842 1862 1964 1985 2018 2027 2061 2068 2100 2116 2262 2314 2342 2364 2379 2460 2486 2566 2612 2732 2866 3030 3305 3472 3529 4712 4821 6014
31 1817 1846 1893 1909 2013 2024 2057 2096 2132 2153 2276 2354 2369 2372 2387 2407 2473 2543 2575 2588 2751 2885 3014 3041 3057 3074 3202 3403 4364 4789 5723
33 1826 1831 1896 1924 1976 2036 2053 2129 2136 2142 2175 2176 2230 2255 2316 2404 2413 2424 2462 2485 2488 2580 2605 2619 2778 2927 3083 3218 3381 3555 5033 5211 9600
28 1833 1956 1983 2003 2048 2049 2058 2158 2179 2183 2188 2389 2390 2428 2466 2492 2592 2628 2655 2729 2896 2926 2938 3072 3279 3530 4594 6787
31 1925 2000 2012 2037 2051 2101 2154 2161 2243 2260 2325 2397 2408 2463 2464 2475 2484 2521 2596 2641 2669 2784 2884 2962 3092 3101 3468 3540 3808 4977 5823
25 1938 2005 2042 2085 2106 2194 2207 2280 2355 2416 2500 2508 2564 2598 2621 2796 2976 3120 3161 3366 3580 4063 5044 5208 6906
25 1942 2069 2135 2137 2138 2232 2233 2286 2370 2465 2534 2540 2568 2602 2676 2764 2824 2953 3015 3138 3633 3857 4418 4747 5738
30 1965 2086 2152 2169 2186 2201 2218 2238 2247 2274 2320 2373 2382 2551 2581 2593 2625 2639 2688 2773 2856 2883 2964 2990 3148 3349 3769 4111 4690 6051
27 1999 2090 2205 2212 2221 2242 2266 2281 2318 2426 2495 2560 2631 2653 2660 2662 2733 2865 2991 3157 3168 3345 3645 3826 3870 5707 6491
25 2038 2091 2202 2228 2236 2258 2289 2415 2457 2474 2520 2546 2658 2663 2665 2742 2875 2905 3045 3173 3467 3829 4871 5065 7207
29 2146 2241 2244 2252 2253 2279 2298 2310 2509 2522 2539 2576 2615 2671 2692 2700 2726 2750 2787 2934 2978 3081 3196 3197 3404 3868 3913 4978 7010
24 2156 2263 2293 2295 2301 2313 2403 2511 2513 2548 2577 2617 2708 2727 2754 2816 2987 3098 3207 3308 3474 3872 4037 5987
27 2163 2297 2305 2323 2346 2409 2470 2538 2547 2606 2632 2666 2697 2702 2827 2831 3002 3066 3111 3239 3274 3289 3589 3901 4097 5269 6172
28 2182 2330 2350 2352 2359 2410 2477 2552 2590 2610 2645 2683 2714 2740 2792 2839 2861 2880 3022 3084 3112 3214 3226 3719 3918 4419 5320 6065
31 2191 2332 2365 2384 2394 2429 2433 2435 2525 2558 2629 2643 2657 2704 2741 2753 2806 2898 2932 3023 3135 3208 3311 3328 3522 3956 4135 4235 4875 5486 6614
30 2198 2335 2353 2358 2375 2450 2541 2542 2595 2647 2675 2730 2739 2757 2798 2886 2941 2958 3032 3070 3141 3237 3354 3355 3421 3957 4254 4605 5690 6202
27 2209 2351 2396 2401 2439 2489 2562 2646 2651 2656 2682 2759 2821 2899 2974 3000 3053 3133 3154 3163 3219 3406 3652 4256 4635 5638 7234
31 2265 2381 2418 2430 2468 2499 2601 2654 2705 2724 2761 2800 2837 2872 2889 2910 2988 2997 3012 3087 3165 3224 3351 3451 3664 3970 4339 4685 5240 5674 7326
29 2378 2442 2459 2479 2519 2531 2574 2624 2725 2780 2790 2811 2817 2869 2888 2929 3017 3115 3200 3257 3352 3450 3457 3697 4268 4345 4771 6164 6588
33 2414 2496 2512 2526 2535 2569 2591 2613 2689 2735 2808 2818 2845 2949 2951 2972 2975 3007 3029 3189 3206 3221 3374 3424 3459 3547 3583 3758 4354 4526 5007 5392 7417
30 2417 2482 2506 2555 2608 2674 2679 2707 2722 2760 2825 2833 2882 2945 3031 3052 3093 3223 3307 3309 3426 3493 3601 3816 4257 4353 4540 4965 5273 6216
30 2452 2517 2524 2570 2578 2622 2637 2680 2788 2799 2826 2842 2893 2979 3004 3056 3077 3097 3230 3294 3438 3510 3588 3607 3840 4422 4585 5561 6632 9604
29 2550 2554 2557 2573 2633 2642 2644 2687 2802 2852 2903 2939 3047 3068 3088 3089 3140 3270 3358 3447 3478 3527 3649 3653 3958 4502 5204 5644 7690
29 2563 2583 2599 2614 2664 2673 2728 2832 2835 2857 2859 2944 2970 3067 3073 3085 3142 3178 3338 3469 3483 3559 3614 3663 4461 4556 4767 6017 6246
28 2584 2607 2649 2693 2736 2746 2748 2794 2843 2867 2877 2967 2981 3102 3109 3125 3162 3217 3413 3498 3661 3668 4058 4707 5227 6121 6301 9577
30 2636 2698 2715 2747 2770 2771 2797 2846 2891 2897 2900 2973 2982 3013 3046 3222 3245 3282 3497 3521 3542 3687 3710 3760 3931 4512 4708 5410 6135 6441
28 2648 2777 2815 2840 2853 2892 2909 2913 2923 2977 3003 3026 3043 3184 3244 3255 3296 3509 3526 3572 3586 3706 3717 3734 3962 4516 5284 6405
32 2652 2713 2785 2836 2841 2868 2908 2917 2919 2924 2935 2984 3028 3063 3108 3129 3193 3248 3252 3342 3523 3577 3713 3727 3779 3979 4548 4586 4923 5470 6511 7796
32 2672 2711 2793 2813 2858 2860 2873 2918 2950 2955 2986 2998 3010 3034 3096 3137 3204 3253 3261 3263 3357 3538 3578 3729 3796 3985 4643 4714 4963 5473 6413 7364
31 2717 2765 2795 2855 2876 2906 2912 2920 2983 2989 3035 3094 3132 3152 3213 3231 3276 3337 3365 3561 3613 3688 3800 3859 3906 4237 4775 5836 6537 6576 63
29 2766 2874 2914 2992 3001 3018 3069 3078 3121 3136 3175 3180 3250 3293 3329 3372 3395 3591 3627 3752 3909 3959 4197 4552 4791 5042 5562 6088 6804
30 2803 2890 2916 2930 3019 3037 3086 3105 3127 3199 3211 3287 3319 3325 3371 3394 3564 3593 3626 3655 3838 3842 3936 4026 4274 4590 4832 5418 6835 722
27 2805 2823 2847 2933 2940 2965 3033 3040 3100 3110 3124 3220 3271 3301 3327 3397 3624 3676 3699 3841 3848 3930 3993 4352 4866 6055 7368
29 2830 2864 2954 2963 2966 3049 3079 3130 3144 3146 3147 3246 3269 3344 3359 3378 3414 3428 3597 3673 3712 3910 3938 3988 4224 4674 4881 5988 7021
31 2851 2993 3025 3027 3044 3050 3090 3156 3166 3174 3241 3251 3377 3389 3400 3408 3433 3445 3617 3689 3947 3948 4020 4271 4291 4346 4518 4897 5681 6596 7162
31 2870 2996 3051 3064 3118 3151 3158 3176 3191 3284 3317 3393 3401 3409 3419 3466 3475 3658 3691 3977 3995 3998 4061 4138 4380 4592 4940 5851 6173 7272 7456
29 2995 3075 3099 3122 3170 3185 3212 3228 3273 3290 3303 3382 3437 3499 3552 3569 3600 3725 3823 3994 3996 4008 4196 4384 4683 4956 6133 6625 7492
31 3016 3076 3119 3149 3150 3164 3186 3203 3215 3229 3277 3310 3321 3441 3458 3535 3539 3550 3726 4000 4012 4039 4042 4228 4412 4561 4699 4962 6038 6279 7215
31 3104 3128 3172 3177 3225 3243 3254 3262 3286 3314 3368 3446 3463 3470 3512 3571 3594 3621 3666 3736 3739 4036 4038 4105 4381 4437 4793 5021 6179 7049 7502
29 3123 3169 3201 3238 3242 3281 3304 3313 3315 3356 3390 3461 3525 3567 3596 3615 3690 3738 3749 3750 4108 4287 4479 4580 4680 5002 5991 7134 8694
27 3145 3171 3259 3266 3267 3272 3299 3320 3330 3392 3415 3477 3495 3574 3602 3638 3732 3768 3861 3943 4517 4600 4827 5029 6647 6730 7917
30 3155 3179 3258 3260 3264 3275 3297 3340 3362 3402 3416 3449 3514 3576 3728 3751 3787 3862 3990 4121 4150 4297 4532 4698 5050 5365 6480 7187 7341 8385
27 3181 3278 3283 3300 3341 3364 3407 3435 3456 3502 3568 3599 3740 3754 3761 3793 3864 4155 4222 4337 4619 4872 4998 5178 6546 7063 7577
31 3187 3198 3302 3306 3318 3326 3388 3398 3431 3434 3454 3464 3609 3616 3639 3737 3788 3809 3874 4075 4255 4360 4459 4682 4735 5054 5257 5551 6656 7348 9418
28 3209 3235 3312 3322 3323 3332 3335 3420 3429 3481 3484 3488 3543 3585 3657 3662 3790 3792 3924 4024 4176 4270 4320 4411 4695 5216 6061 7260
28 3210 3316 3331 3346 3348 3427 3487 3490 3584 3646 3672 3799 3805 3822 3843 3980 4209 4265 4326 4367 4615 4702 4762 5317 5361 6898 7460 8618
30 3216 3240 3247 3324 3347 3439 3465 3500 3506 3515 3622 3700 3723 3814 3824 3852 3900 3933 4013 4210 4319 4366 4416 4666 4811 4890 5481 5779 6806 7652
30 3233 3333 3350 3367 3411 3443 3479 3480 3508 3548 3563 3629 3674 3820 3880 3915 3935 4041 4242 4267 4369 4571 4820 4913 5280 5635 6732 6843 7534 9212
29 3236 3265 3339 3373 3380 3537 3541 3544 3545 3553 3635 3685 3692 3837 3884 3916 3964 3966 4029 4283 4296 4407 4688 4840 4895 5372 5513 6865 7688
28 3256 3361 3383 3385 3391 3573 3587 3637 3670 3686 3730 3747 3853 3869 3885 3945 3965 4022 4173 4336 4450 4798 4841 5374 5717 6587 7471 7820
29 3288 3460 3462 3518 3536 3610 3619 3625 3647 3648 3742 3797 3798 3801 3886 3890 3973 3999 4007 4102 4324 4362 4468 4490 4947 5375 5877 6942 7540
27 3353 3363 3452 3471 3476 3524 3557 3667 3711 3743 3795 3806 3888 3895 3960 3976 4073 4342 4505 4531 4936 4954 5432 5897 7165 7559 9138
35 3384 3496 3501 3560 3582 3623 3680 3703 3741 3745 3770 3774 3791 3817 3819 3828 3896 3897 3927 3928 4010 4016 4142 4198 4403 4510 4584 4877 4973 4981 5161 5489 5915 5930 7641
28 3387 3482 3519 3612 3671 3722 3783 3803 3813 3825 3834 3849 3889 3920 3939 3971 4023 4154 4409 4593 4646 4984 5032 5092 5591 5953 7555 7722
28 3423 3492 3503 3575 3598 3620 3716 3731 3804 3821 3835 3839 3879 3894 3961 4033 4035 4056 4159 4203 4308 4426 4608 4995 5215 5507 6142 7756
31 3440 3505 3579 3659 3696 3733 3836 3847 3854 3865 3892 3923 3941 3963 3978 4043 4070 4086 4206 4234 4427 4449 4631 5110 5231 5471 5609 5621 6149 6598 7774
30 3491 3533 3534 3618 3702 3755 3830 3882 3908 3925 3955 3974 3983 4027 4054 4085 4133 4208 4445 4462 4613 4664 5196 5256 5543 5698 6217 6390 7775 8636
27 3511 3551 3630 3679 3682 3707 3757 3871 3887 3986 4002 4011 4072 4094 4143 4187 4211 4216 4463 4681 4746 5261 5276 5618 6157 7153 7887
31 3562 3628 3640 3694 3735 3744 3851 3858 3904 3912 3989 4019 4081 4090 4109 4118 4202 4225 4484 4624 4705 4884 4961 5275 5285 5712 5789 6561 7747 7911 9784
28 3581 3632 3643 3746 3764 3881 3917 3934 4003 4031 4032 4074 4112 4149 4162 4301 4333 4536 4569 4721 4905 5344 5491 5736 6240 7315 7886 8670
28 3590 3656 3698 3762 3845 3949 3984 4004 4040 4047 4092 4098 4113 4125 4164 4191 4261 4269 4485 4733 4927 5398 5667 5845 6189 6663 7907 8009
30 3611 3665 3681 3763 3811 3898 4001 4015 4017 4055 4062 4100 4132 4157 4167 4207 4244 4299 4330 4491 4508 4537 4741 5173 5391 5430 5678 5928 6264 7899
32 3636 3693 3781 3844 3992 4005 4030 4048 4079 4095 4101 4136 4147 4160 4177 4232 4305 4357 4405 4464 4528 4620 4651 4783 4959 5294 5386 5526 5774 6235 7568 8395
34 3704 3765 3855 3907 4053 4069 4083 4110 4124 4127 4179 4180 4199 4213 4240 4310 4359 4429 4554 4558 4729 4790 4850 5009 5402 5459 5466 5548 5780 5970 6269 6680 7655 7936
33 3709 3720 3772 3866 3954 4009 4076 4089 4117 4140 4153 4212 4215 4218 4226 4230 4328 4389 4399 4439 4563 4810 4848 4907 5527 5559 5729 6094 6498 6810 7718 8314 85
32 3756 3775 3833 3867 3950 4018 4082 4093 4116 4134 4158 4163 4168 4266 4294 4312 4340 4404 4441 4606 4626 4744 4755 4908 5536 5586 5844 6320 6564 7908 8194 9307
34 3766 3782 3899 3903 3932 3953 4084 4096 4137 4145 4178 4284 4295 4343 4351 4373 4378 4406 4451 4513 4663 4675 4912 4979 4993 5342 5549 5593 5734 5859 6271 6639 7947 8629
30 3815 3856 3914 4034 4104 4183 4185 4201 4223 4316 4376 4382 4414 4438 4453 4499 4649 4668 4709 4816 4968 4999 5017 5569 5650 5948 6332 6650 7996 8465
32 3827 3878 3919 4046 4123 4181 4221 4229 4241 4243 4344 4379 4410 4417 4421 4434 4470 4475 4618 4670 4725 4772 5011 5016 5582 5633 5849 5960 6524 6542 8096 9478
28 3831 3832 3911 3921 4050 4156 4192 4231 4247 4262 4281 4290 4402 4420 4424 4482 4498 4595 4711 4849 5019 5039 5158 5685 6371 6830 8114 8799
33 3860 3929 3937 3951 4126 4252 4273 4289 4292 4293 4375 4423 4448 4471 4477 4492 4493 4572 4686 4731 4859 5085 5091 5538 5711 5747 6028 6161 6404 6737 6952 8392 470
32 3873 3902 3972 3987 4006 4144 4165 4278 4282 4306 4334 4374 4425 4546 4551 4614 4645 4653 4770 4781 4920 4971 5088 5101 5615 5725 5787 6029 6435 6969 8351 9154
33 3875 3968 3991 4067 4151 4152 4248 4298 4315 4325 4363 4383 4428 4511 4578 4598 4623 4648 4719 4778 4876 4932 5025 5120 5337 5795 5809 5918 6442 6626 6974 8479 8696
32 3877 4057 4068 4186 4227 4302 4313 4341 4396 4401 4430 4583 4617 4633 4656 4704 4706 4742 4786 4806 4939 5004 5140 5232 5805 5926 6266 6633 6842 7270 8753 8909
33 3922 4060 4088 4091 4195 4250 4304 4307 4348 4370 4431 4440 4456 4547 4601 4602 4637 4676 4693 4738 4763 4846 4854 5089 5155 5359 5813 5937 6008 6496 6955 8167 8805
29 4049 4066 4099 4175 4309 4350 4385 4388 4435 4515 4599 4603 4669 4700 4740 4752 4826 4853 4863 5141 5180 5408 5864 5870 6184 6513 7066 7178 9204
31 4052 4107 4122 4169 4200 4286 4314 4323 4356 4413 4443 4565 4658 4713 4723 4727 4780 4787 4837 4899 5143 5184 5515 5882 6012 6303 6722 6947 7422 8631 9255
31 4065 4166 4214 4217 4219 4355 4358 4432 4460 4504 4582 4612 4743 4756 4800 4812 4842 4886 4928 5145 5190 5225 5521 5812 5907 6068 6755 7004 7399 8964 9700
32 4071 4170 4239 4249 4391 4393 4394 4444 4483 4489 4519 4667 4748 4761 4814 4836 4860 4894 4972 4982 5172 5217 5234 5560 5936 5950 6397 6776 7123 7194 8898 9510
31 4077 4236 4238 4279 4386 4408 4472 4500 4533 4696 4749 4776 4815 4843 4847 4861 4987 5087 5203 5221 5571 5677 5985 6013 6041 6673 6821 6960 7533 9481 9770
30 4078 4246 4259 4311 4495 4514 4524 4527 4544 4591 4823 4825 4829 4839 4893 4911 4991 5094 5165 5243 5286 5629 6002 6052 6074 7174 7294 8265 9527 9932
26 4119 4260 4303 4318 4400 4530 4550 4559 4564 4835 4862 4883 4946 5034 5250 5300 5660 6011 6059 6153 6311 6823 7322 8715 9192 9741
26 4141 4338 4415 4476 4486 4487 4520 4657 4689 4813 4819 4865 4868 4879 5047 5264 5305 5665 6022 6136 6159 6881 6883 7362 8180 9799
32 4182 4349 4390 4436 4529 4553 4566 4575 4577 4579 4687 4869 4873 4906 4918 4934 5001 5038 5061 5271 5316 5445 5686 5702 6169 6495 6762 7371 7474 7608 8307 9941
30 4189 4392 4442 4567 4597 4630 4638 4665 4720 4892 4919 4925 5006 5026 5037 5043 5078 5164 5283 5319 5341 5599 5764 6181 6637 7002 7424 8470 9343 9958
28 4322 4397 4458 4480 4560 4573 4627 4642 4647 4728 4914 4930 4943 4955 5003 5060 5099 5321 5328 5358 5380 5819 6201 6203 6798 7008 7537 8816
33 4398 4433 4481 4535 4587 4621 4640 4641 4652 4684 4732 4952 4985 4986 5015 5067 5076 5081 5098 5103 5111 5339 5381 5575 5946 6222 6305 6988 7029 7470 7654 9163 75
28 4447 4503 4607 4628 4673 4692 4724 4726 4774 4988 4992 5027 5095 5154 5186 5194 5338 5363 5437 5558 5657 5996 6308 6377 7319 7593 7854 9558
32 4466 4469 4474 4507 4622 4636 4694 4734 4736 4782 5000 5024 5048 5072 5187 5205 5246 5267 5364 5452 5589 5719 6040 6251 6327 6358 7089 7631 7697 7978 9354 9914
30 4467 4473 4494 4543 4650 4655 4677 4703 4745 4758 4785 4818 5018 5063 5073 5075 5104 5174 5212 5288 5414 5449 5624 6053 6324 6360 7214 7764 7805 8887
27 4501 4568 4660 4697 4722 4799 4822 4882 5080 5093 5114 5199 5236 5335 5421 5518 5709 5728 6325 6415 6667 7261 7729 7772 7806 9404 9969
30 4523 4574 4632 4715 4716 4730 4809 4831 4833 4844 5083 5108 5122 5191 5239 5252 5357 5362 5469 5544 5649 6076 6356 6503 6573 7435 7839 8216 8683 9556
29 4581 4701 4710 4718 4788 4795 4828 4864 4888 4921 5106 5118 5132 5202 5248 5272 5431 5494 5576 5765 5981 6077 6366 6447 7246 7801 7841 8932 9982
32 4611 4634 4751 4777 4784 4817 4858 4874 4885 4898 4945 5124 5137 5162 5220 5268 5287 5340 5444 5563 5607 5710 5776 6086 6408 6490 6901 7223 7817 7850 9109 9837
29 4616 4662 4717 4739 4887 4950 4953 4958 4990 5169 5198 5230 5270 5295 5331 5393 5458 5620 5656 5715 5785 5873 6103 6141 6506 7553 7885 9431 124
32 4661 4671 4754 4769 4824 4834 4867 4903 4969 5012 5023 5036 5200 5265 5299 5394 5399 5415 5468 5623 5663 5735 5792 6139 6248 6532 6972 7726 7837 7903 9015 202
32 4753 4757 4802 4910 4933 4942 4975 5010 5045 5064 5219 5330 5346 5378 5385 5463 5602 5625 5626 5684 5824 6209 6260 6533 7090 7789 7852 7921 8132 9607 9802 411
30 4759 4765 4803 4896 4926 4948 5053 5055 5096 5249 5259 5306 5356 5419 5495 5572 5630 5676 5722 5753 5932 6239 6293 6577 6654 7478 7843 7926 8240 9643
35 4760 4766 4773 4870 4909 4966 4976 4983 5022 5084 5100 5119 5175 5281 5367 5373 5447 5464 5498 5605 5641 5743 5814 5872 6273 6335 6339 6660 6929 7156 7804 7934 8268 8879 98
31 4764 4794 4808 4917 5005 5051 5052 5079 5090 5121 5192 5279 5282 5379 5409 5422 5554 5616 5745 5762 5922 6241 6289 6431 6704 7731 7861 8298 8360 9768 419
32 4768 4796 4807 4937 5020 5058 5105 5133 5222 5289 5290 5427 5443 5479 5484 5493 5617 5636 5697 5788 5933 5992 6281 6317 6534 6709 6783 7741 7965 8443 9827 233
30 4801 4805 4944 4957 5066 5125 5146 5189 5291 5332 5426 5485 5567 5573 5655 5754 5888 6101 6355 6478 6688 6784 7166 7856 7900 7966 8151 9296 9882 212
31 4804 4830 4878 4951 4996 5082 5126 5138 5159 5235 5238 5292 5411 5450 5477 5487 5614 5640 5708 5807 5892 6066 6489 6499 6713 6818 6867 7677 7938 8387 447
32 4852 4922 4989 4994 5031 5086 5102 5157 5163 5168 5183 5297 5309 5347 5417 5504 5505 5539 5628 5733 5778 5858 5902 6254 6541 6569 6717 6921 7951 7997 8412 9838
33 4891 4949 5008 5069 5109 5117 5144 5166 5167 5170 5176 5277 5304 5352 5438 5581 5590 5631 5750 5866 5995 6316 6560 6631 6745 6920 7050 8011 8037 8092 8819 277 711
33 4935 4980 5041 5077 5112 5116 5151 5188 5218 5223 5278 5311 5327 5395 5451 5606 5622 5627 5651 5799 5871 6031 6047 6158 6420 6501 6593 6761 6932 8024 8062 9330 9410
37 4960 5030 5049 5113 5115 5128 5148 5201 5253 5293 5314 5404 5405 5428 5600 5664 5695 5730 5741 5773 5841 5853 5891 5893 5961 6455 6548 6579 6602 6619 6828 7100 8060 8070 8187 8514 283
30 4974 5097 5127 5171 5210 5224 5228 5274 5301 5322 5329 5441 5691 5716 5731 5755 5810 5920 5929 6067 6080 6583 6659 6832 7106 7968 8105 8290 8539 9544
30 5014 5130 5134 5181 5229 5303 5312 5355 5366 5412 5442 5497 5720 5732 5737 5790 5806 5816 5923 5979 6070 6089 6465 6751 6797 6833 7107 8225 8402 9724
28 5046 5136 5153 5182 5307 5315 5343 5350 5480 5488 5579 5727 5746 5825 5927 6004 6019 6108 6517 6661 6769 6916 7810 8077 8228 8317 8548 9860
34 5057 5147 5149 5156 5207 5226 5251 5318 5323 5369 5382 5413 5420 5611 5761 5767 5775 5880 5884 5931 6023 6034 6081 6116 6467 6702 6782 6943 7152 7930 8195 8236 8583 9782
29 5062 5160 5185 5244 5313 5348 5353 5376 5384 5440 5550 5661 5782 5786 5827 5899 5977 6043 6071 6290 6694 6799 6838 7121 7518 8061 8270 8619 9555
26 5233 5237 5258 5351 5390 5397 5501 5689 5800 5804 5924 5957 5980 6020 6095 6109 6592 6636 6887 6907 7164 8165 8272 8353 8768 9873
31 5241 5247 5263 5308 5360 5396 5401 5403 5509 5533 5694 5766 5808 5842 5958 5989 6035 6107 6196 6342 6771 6911 7052 7094 7192 8244 8305 8374 8589 9403 362
32 5254 5262 5324 5333 5368 5424 5425 5429 5584 5699 5803 5817 5820 5943 5982 6009 6039 6054 6064 6118 6144 6370 6774 6981 7074 7119 7280 7858 8218 8487 8574 9697
30 5325 5334 5345 5349 5400 5416 5433 5434 5474 5547 5592 5701 5830 5833 5947 5956 6050 6058 6087 6122 6391 6679 6858 7125 7386 8376 8416 8585 8945 9847
27 5326 5377 5423 5435 5439 5490 5578 5768 5828 5839 5971 6078 6083 6131 6194 6477 6723 6899 7154 7396 7413 8164 8484 8501 8640 9349 9995
27 5336 5387 5436 5446 5496 5508 5647 5770 5840 5909 5978 6079 6110 6127 6132 6165 6243 6536 6801 6909 7220 7281 7463 8582 8743 8774 9841
30 5354 5388 5461 5520 5522 5556 5568 5597 5791 5834 5847 5848 5962 5972 6048 6104 6120 6140 6219 6259 6733 6840 6917 7019 7289 7411 7542 8596 8744 9918
26 5370 5383 5462 5483 5525 5580 5587 5687 5781 5811 5854 5994 6072 6075 6106 6124 6193 6297 6642 6848 7048 7332 7521 8658 8771 126
33 5465 5467 5472 5516 5542 5596 5639 5700 5749 5818 5852 5869 5993 6006 6100 6111 6146 6195 6199 6285 6349 6514 6805 6852 6986 7101 7228 7342 7477 7617 8682 8784 224
32 5482 5492 5529 5534 5574 5610 5637 5739 5757 5763 5793 5905 6010 6026 6119 6204 6249 6270 6346 6401 6825 6926 7073 7128 7453 7508 8559 8731 8891 8928 9100 265
31 5500 5503 5511 5553 5566 5585 5619 5742 5748 5769 5856 5906 5913 6024 6044 6134 6170 6288 6307 6333 6372 6645 6903 7055 7287 7457 7517 7738 8750 8918 9018
29 5524 5528 5537 5598 5654 5670 5760 5802 5879 5904 5951 5963 5974 6060 6147 6166 6180 6315 6336 6373 6662 7139 7306 7524 7544 8516 8776 8978 9188
29 5535 5545 5612 5671 5759 5772 5821 5964 5998 6018 6063 6156 6220 6223 6326 6394 6458 6834 7017 7197 7354 7551 7604 7791 8068 8792 9094 9650 341
29 5552 5555 5632 5658 5682 5784 5822 5976 5983 6025 6082 6114 6175 6226 6302 6343 6381 6468 6641 6855 7169 7252 7360 7505 7616 7807 8660 8880 8941
30 5557 5564 5668 5680 5683 5850 5861 6015 6033 6085 6129 6208 6282 6306 6387 6469 6525 6831 6886 7204 7224 7376 7601 7647 7746 8830 8916 8986 9152 1106
30 5613 5653 5669 5705 5706 5857 5862 5975 6037 6098 6137 6228 6321 6323 6334 6400 6417 6505 6529 6605 6923 7092 7301 7440 7618 7705 8409 8893 8959 9161
31 5645 5721 5751 5783 5863 5875 5878 5900 6069 6115 6143 6176 6253 6338 6350 6353 6443 6528 6549 6608 7034 7140 7339 7461 7520 7683 7711 7770 8895 9003 9388
30 5673 5740 5815 5826 5860 5867 5887 5935 6084 6138 6145 6174 6345 6362 6376 6396 6476 6527 6555 6700 7085 7182 7389 7480 7523 7713 7788 8953 9071 9645
28 5703 5756 5794 5829 5883 5916 5969 6097 6171 6178 6182 6365 6384 6466 6487 6558 6568 7113 7445 7486 7583 7730 7991 8987 9080 9293 9358 119
31 5777 5837 5846 5855 5868 5901 5925 6160 6183 6187 6291 6375 6380 6403 6494 6526 6571 6803 6880 7145 7452 7465 7490 7602 7923 9001 9023 9113 9383 9731 9786
24 5798 5865 5895 5896 5912 6036 6057 6162 6185 6191 6192 6398 6432 6512 6604 6870 6913 7250 7498 7595 7970 9030 9438 9866
30 5801 5881 5910 5945 5990 6007 6099 6163 6188 6213 6272 6399 6414 6438 6492 6628 6678 6682 6894 7057 7193 7263 7501 7512 7644 8002 8979 9041 9164 9444
29 5832 5889 5898 5940 5949 6027 6112 6186 6210 6224 6298 6406 6418 6439 6518 6649 6685 6896 6934 7266 7562 7600 7666 7868 8018 9045 9398 9573 9968
30 5835 5934 5942 5968 6000 6016 6049 6128 6212 6230 6233 6238 6337 6426 6451 6521 6617 6689 6691 6937 7137 7469 7567 7619 7717 8043 8081 9064 9580 1211
32 5919 5939 5941 5965 5999 6005 6105 6205 6218 6236 6256 6287 6310 6352 6433 6530 6621 6695 6734 6949 6984 7198 7303 7594 7658 7714 8032 8100 9244 9422 9767 9829
28 5944 5952 5966 5997 6073 6125 6167 6215 6263 6318 6367 6388 6448 6539 6712 6736 6987 7226 7254 7311 7659 7734 8058 8117 9320 9423 9615 371
32 5955 5967 6003 6030 6102 6113 6123 6221 6274 6276 6344 6354 6368 6429 6450 6453 6565 6714 6724 6739 6775 6777 7051 7255 7269 7665 7754 7972 8110 9347 9452 120
25 6001 6032 6177 6211 6244 6277 6357 6378 6386 6457 6462 6594 6725 6759 6788 7067 7211 7274 7687 7857 8084 8146 8981 9463 9971
30 6021 6046 6150 6237 6242 6262 6267 6295 6296 6364 6434 6456 6471 6483 6540 6607 6758 6760 6789 7095 7170 7293 7799 8112 8197 8712 9099 9474 9869 1027
28 6042 6062 6092 6255 6280 6286 6300 6329 6385 6449 6486 6502 6545 6726 6768 6792 6827 6875 7160 7302 7451 7892 7897 8174 8241 8782 9505 282
32 6152 6155 6275 6278 6292 6299 6309 6312 6331 6412 6454 6508 6544 6611 6802 6850 6853 6900 7098 7391 7818 7895 7967 8192 8203 8219 8935 9476 9535 9687 368 953
27 6154 6168 6283 6304 6359 6436 6472 6531 6552 6581 6601 6624 6629 6653 6807 6839 7241 7420 7454 7902 7977 8088 8247 9134 9586 145 1150
30 6190 6200 6231 6284 6322 6341 6361 6470 6473 6515 6574 6582 6585 6612 6670 6698 6861 6877 6938 6957 7325 7434 7827 7905 7998 8306 8637 9148 9613 9723
25 6197 6214 6234 6313 6379 6389 6523 6586 6646 6692 6743 6786 6884 6939 6964 7366 7444 7736 7933 8045 8343 8695 9143 9698 9748
24 6227 6245 6250 6348 6395 6419 6535 6567 6590 6665 6696 6841 6851 6905 6958 7041 7372 7530 7987 8363 8522 8846 9765 287
30 6229 6257 6258 6351 6411 6437 6538 6550 6572 6606 6609 6648 6684 6706 6924 6940 6965 6967 7070 7403 7497 7657 8010 8160 8510 8515 8708 9542 9774 340
29 6319 6363 6374 6421 6427 6446 6547 6584 6651 6674 6701 6716 6742 6837 6946 7003 7083 7446 7548 7862 8014 8169 8520 8533 9208 9679 9778 9904 578
35 6330 6347 6382 6410 6444 6452 6519 6522 6553 6630 6666 6672 6693 6719 6721 6741 6846 6930 6953 6962 7023 7093 7283 7398 7504 7565 7913 8065 8104 8188 8527 8736 9285 9563 9916
29 6392 6425 6459 6464 6551 6559 6675 6690 6705 6728 6735 6749 6772 6895 6968 7081 7103 7168 7506 7599 7686 8075 8243 8535 8554 8803 9579 9927 556
28 6423 6461 6463 6474 6481 6500 6562 6697 6707 6763 6780 6811 6836 6904 6963 7027 7262 7507 7535 7904 8079 8127 8323 8542 8810 9517 9828 9991
25 6424 6488 6493 6504 6520 6554 6566 6615 6708 6773 6809 6873 6977 7040 7127 7547 7669 7954 8126 8179 8555 8749 9705 9894 24
26 6428 6497 6509 6516 6580 6616 6652 6711 6813 6829 6892 6998 7129 7133 7314 7550 7571 7819 7920 8101 8157 8302 8567 9642 9987 1105
31 6430 6543 6578 6620 6657 6658 6686 6738 6740 6795 6800 6814 6878 6945 7012 7013 7143 7208 7582 7627 8059 8163 8202 8308 8606 8779 8845 9912 31 103 1079
30 6507 6557 6595 6623 6677 6703 6744 6750 6820 6849 6882 6908 6996 7018 7069 7155 7181 7189 7225 7373 7640 7716 8030 8252 8393 8672 9112 9710 12 166
29 6570 6597 6635 6681 6710 6747 6824 6856 6862 6941 7005 7033 7124 7159 7206 7210 7285 7624 7634 7749 8071 8102 8287 8433 8685 8994 9788 9947 321
30 6603 6610 6655 6718 6727 6752 6764 6847 6893 6948 6951 7025 7035 7044 7126 7196 7217 7333 7646 7685 7786 8069 8136 8326 8556 8747 9170 9805 9863 47
28 6638 6640 6748 6753 6779 6793 6860 6914 6927 6993 7043 7053 7200 7218 7231 7350 7710 7780 7814 8173 8344 8388 8576 8770 9576 9900 65 1022
28 6668 6687 6699 6756 6766 6816 6817 6854 6872 6918 6954 7001 7058 7075 7172 7221 7292 7357 7783 7797 7945 8209 8408 8622 8777 9353 41 390
32 6669 6671 6729 6754 6790 6794 6826 6859 6874 6944 6989 6997 7007 7077 7088 7171 7212 7236 7353 7410 7433 7821 8091 8229 8427 8632 8788 9253 9759 9934 127 574
25 6683 6765 6815 6822 6866 6919 7024 7032 7056 7099 7102 7248 7425 7447 7825 7971 8275 8449 8647 8648 8802 9020 9633 172 587
30 6720 6778 6869 6876 6985 6990 6994 7038 7039 7059 7072 7104 7112 7146 7184 7273 7428 7479 7874 8181 8280 8342 8451 8633 8811 8823 9713 79 205 1071
27 6770 6819 6889 6910 6912 7022 7028 7045 7062 7068 7118 7130 7199 7307 7365 7476 7573 7826 7940 8354 8382 8485 8690 9025 20 240 396
23 6785 6857 6864 6922 6966 7016 7054 7078 7091 7108 7150 7167 7378 7437 7495 8021 8357 8411 8706 8955 9962 192 575
29 6791 6796 6871 6925 6995 7061 7111 7131 7188 7237 7242 7258 7265 7385 7438 7510 7762 7956 8048 8359 8456 8716 8739 8742 8818 9032 9582 196 624
29 6808 6845 6879 6888 6890 6928 6936 6973 7086 7110 7142 7190 7195 7213 7247 7276 7499 7500 7563 7959 8064 8428 8763 9022 9034 44 77 253 1010
28 6891 6897 6931 6935 6961 7116 7144 7149 7163 7209 7267 7288 7298 7310 7514 7570 7628 7632 8086 8301 8405 8474 8772 9065 9865 181 426 1015
28 6950 6956 6959 6970 6983 7109 7147 7158 7201 7202 7243 7282 7290 7363 7515 7546 7578 7684 7963 8098 8212 8430 8789 8836 9069 218 251 439
28 6975 6980 6992 7020 7176 7203 7227 7268 7275 7300 7321 7344 7431 7556 7585 7635 8056 8138 8208 8312 8361 8467 8531 8838 8902 9074 105 509
21 6982 7011 7026 7087 7117 7240 7257 7312 7346 7491 7558 7591 7732 8161 8340 8508 8635 8852 8940 9082 516
26 7006 7014 7060 7084 7177 7185 7239 7278 7291 7305 7334 7340 7388 7493 7564 7622 7808 7832 8379 8380 8521 8853 8929 9124 517 621
26 7030 7031 7042 7151 7180 7259 7296 7304 7328 7355 7370 7509 7557 7615 7626 7813 7848 7943 8397 8557 8888 8965 9221 9277 262 547
32 7047 7096 7120 7161 7232 7249 7299 7316 7330 7336 7345 7377 7404 7532 7586 7587 7630 7823 7879 7964 8403 8452 8664 8676 8719 8905 8985 9181 9291 9524 566 573
26 7132 7173 7191 7295 7327 7338 7374 7387 7429 7549 7588 7656 7673 7829 7961 8419 8457 8473 8600 8738 8922 9198 9201 9667 581 641
27 7138 7148 7175 7183 7219 7230 7286 7347 7356 7390 7400 7432 7459 7612 7681 7733 7881 7975 8016 8496 8524 8729 8951 9004 9342 121 731
24 7179 7235 7244 7279 7361 7369 7401 7407 7423 7443 7589 7623 7702 7737 8023 8041 8054 8525 8570 8748 8962 9523 235 730
31 7186 7216 7251 7253 7323 7367 7375 7379 7392 7405 7409 7466 7525 7596 7620 7692 7700 7750 7889 8034 8107 8198 8580 8612 8785 8881 9013 9036 9301 9557 652
28 7205 7222 7309 7351 7381 7393 7415 7472 7522 7531 7554 7663 7696 7725 7757 7758 7803 7994 8082 8113 8656 8806 9061 9063 9335 9686 9766 651
26 7229 7297 7329 7383 7406 7412 7441 7455 7473 7560 7682 7739 7763 7795 7834 7999 8116 8156 8303 8662 8735 8923 9101 9572 1281 3940
26 7256 7337 7358 7384 7416 7430 7464 7467 7468 7484 7645 7701 7792 7831 7836 8119 8171 8199 8331 8692 8704 8863 8998 9108 9348 9878
27 7277 7324 7331 7436 7488 7489 7580 7610 7672 7766 7785 7809 7844 7853 7888 7912 8133 8155 8186 8230 8703 8809 9146 9167 9620 9924 1287
25 7313 7343 7380 7442 7482 7513 7541 7597 7614 7706 7740 7859 7893 7898 7932 8158 8233 8300 8705 8930 9048 9176 9193 9637 9953
25 7382 7394 7449 7485 7526 7561 7629 7651 7727 7771 7830 7846 7860 7882 7909 8028 8259 8459 8767 9000 9062 9205 9450 9886 3946
24 7395 7421 7481 7519 7538 7592 7661 7753 7838 7884 7919 7924 8029 8269 8444 8795 9028 9086 9305 9306 9364 9661 9978 978
28 7426 7439 7458 7516 7528 7572 7598 7660 7664 7761 7767 7811 7873 7877 7948 8031 8087 8217 8271 8608 8822 9026 9114 9259 9374 9881 197 1470
24 7427 7448 7475 7543 7603 7605 7675 7680 7709 7776 7824 7941 7949 7953 8051 8139 8291 8674 8825 9132 9210 9318 9508 6
23 7487 7496 7552 7575 7607 7691 7693 7703 7743 7802 7928 7958 7989 8007 8095 8196 8304 8800 8856 9206 9377 9813 455
25 7494 7529 7579 7621 7751 7755 7765 7815 7863 7990 8015 8109 8124 8129 8200 8210 8313 8367 8671 8817 9102 9225 9433 9977 37
26 7511 7569 7581 7625 7637 7748 7784 7816 7935 8020 8066 8135 8168 8226 8321 8429 8839 8869 9088 9234 9245 9331 9496 9539 9903 88
29 7539 7611 7636 7650 7667 7668 7719 7768 7812 7847 7906 7983 8035 8038 8140 8175 8276 8310 8396 8495 8537 8868 9005 9105 9265 9369 9486 9905 149
26 7545 7574 7638 7698 7699 7715 7777 7835 7875 7925 7939 8106 8115 8137 8148 8190 8221 8319 8420 8563 9009 9275 9379 9503 25 640
23 7566 7648 7679 7800 7840 7869 7876 8008 8094 8149 8223 8242 8333 8491 8947 9125 9298 9313 9399 9514 113 485 3369
22 7576 7606 7689 7707 7721 7842 7866 7916 7942 8047 8144 8185 8254 8283 8336 8571 8997 9137 9333 9536 18 692
25 7584 7609 7694 7724 7728 7870 7872 7927 7931 7950 8145 8248 8255 8288 8414 8587 8626 9083 9142 9319 9373 9402 9569 186 894
24 7613 7695 7742 7769 7773 7878 7880 7955 8067 8159 8231 8278 8279 8295 8370 8425 8643 9085 9171 9357 9449 9602 9948 983
26 7633 7639 7708 7744 7790 7891 7960 7993 8013 8089 8189 8332 8334 8338 8355 8373 8401 8461 8684 8973 9199 9271 9468 9657 9950 1877
25 7642 7704 7752 7798 7845 7865 7896 7981 8004 8040 8055 8153 8294 8335 8337 8341 8362 8497 8720 8827 9016 9226 9472 9608 632
26 7653 7720 7793 7864 7867 7910 7915 8000 8025 8122 8191 8345 8348 8475 8498 8519 8702 8804 9017 9144 9230 9341 9479 9623 195 1878
26 7662 7781 7787 7871 7890 7952 7988 8001 8005 8123 8131 8214 8222 8352 8378 8490 8529 8667 8847 8866 8984 9195 9269 9541 9550 9819
23 7674 7735 7855 7894 7957 7974 8006 8022 8036 8042 8147 8284 8371 8422 8534 8757 8900 9162 9237 9493 9603 10 2072
24 7760 7918 7922 7976 7980 8012 8076 8150 8213 8296 8350 8384 8436 8489 8578 8599 8758 8921 9239 9386 9519 9605 9945 661
27 7782 7794 7929 7969 7985 7992 8046 8050 8111 8154 8182 8206 8215 8347 8390 8550 8610 8614 8843 9070 9266 9294 9396 9574 9610 9652 828
22 7822 7946 7979 7982 7986 8072 8093 8235 8238 8245 8413 8426 8560 8597 8707 9156 9316 9429 9432 9578 9631 1017
23 7828 7984 8003 8053 8108 8176 8239 8249 8258 8260 8435 8509 8601 8621 8688 8764 8773 9174 9337 9516 9638 9680 2340
23 7849 7883 8017 8049 8063 8162 8178 8251 8262 8309 8318 8437 8446 8630 8713 8837 9345 9401 9639 9649 9691 11 1900
25 7901 8026 8052 8074 8201 8256 8274 8289 8325 8369 8448 8482 8650 8732 8759 8867 9021 9046 9465 9473 9512 9663 9682 9789 2437
25 7914 8039 8073 8083 8193 8250 8257 8263 8316 8330 8455 8512 8675 8780 8860 8960 9077 9426 9480 9521 9656 9684 9722 9879 351
24 7937 8027 8130 8204 8266 8281 8285 8292 8322 8358 8505 8507 8639 8761 8882 8942 8972 9103 9405 9509 9511 9532 9715 9849
23 7995 8080 8118 8234 8293 8320 8328 8349 8398 8466 8499 8536 8538 8686 8762 8908 8982 9262 9518 9566 9744 9859 699
20 8044 8085 8120 8237 8368 8377 8458 8477 8552 8591 8787 8975 9295 9487 9530 9614 9746 9775 9972 942
21 8057 8121 8125 8134 8261 8277 8365 8389 8391 8558 8666 8796 8926 8996 9471 9567 9597 9644 9834 9840 50
24 8078 8090 8128 8143 8273 8375 8423 8469 8493 8511 8562 8604 8661 8807 8871 8990 8999 9528 9611 9711 9843 29 114 880
22 8097 8152 8170 8282 8381 8441 8476 8573 8605 8775 8814 8883 9024 9040 9534 9626 9641 9693 9926 118 137 898
22 8099 8166 8324 8418 8442 8460 8483 8602 8611 8722 8842 8901 9011 9140 9551 9676 9801 9938 139 142 520 1318
26 8141 8177 8227 8297 8327 8417 8454 8463 8486 8593 8617 8659 8752 8864 9002 9047 9419 9596 9624 9701 9807 9965 129 146 217 2597
23 8183 8286 8438 8439 8462 8478 8506 8528 8588 8603 8623 8665 8886 9050 9066 9553 9647 9706 9749 7 160 267 1506
23 8184 8205 8356 8445 8494 8517 8627 8628 8691 8826 8915 9060 9098 9169 9587 9709 9726 9783 9897 28 136 206 712
24 8207 8399 8431 8464 8471 8500 8518 8638 8652 8677 8721 8925 9008 9119 9209 9427 9653 9730 9846 8 151 242 897 2117
27 8220 8246 8366 8400 8530 8549 8564 8572 8581 8642 8655 8668 8734 8855 8938 8963 9091 9122 9264 9469 9671 9758 9944 104 155 317 963
24 8267 8386 8481 8503 8540 8575 8577 8641 8689 8755 8939 8989 9010 9177 9196 9197 9276 9674 9779 9901 122 162 542 2162
24 8299 8339 8492 8513 8547 8584 8594 8609 8620 8645 8680 8760 8769 8956 9043 9118 9207 9214 9525 9867 9911 154 315 1501
24 8315 8364 8415 8566 8613 8615 8634 8646 8687 8723 8794 8801 9068 9160 9185 9232 9292 9297 9717 9875 46 201 346 423
21 8346 8394 8434 8586 8663 8679 8700 8808 8813 8899 9081 9217 9252 9312 9323 9776 9896 9946 165 366 1658
20 8372 8383 8523 8565 8624 8651 8673 8728 8815 8821 9135 9256 9283 9387 9922 9985 97 401 469 2421
22 8404 8406 8432 8592 8625 8693 8711 8718 8741 8783 8859 8861 9158 9261 9290 9400 9409 9659 9920 19 410 622
24 8407 8440 8710 8717 8751 8754 8790 8793 8874 8877 8878 8892 9216 9233 9299 9325 9507 9513 9928 72 176 488 727 885
22 8424 8447 8678 8699 8701 8726 8727 8812 8894 8907 9057 9179 9250 9279 9326 9424 9483 9560 9929 148 728 1019
22 8453 8468 8543 8733 8765 8791 8828 8840 8862 8931 9222 9334 9344 9421 9564 9683 9981 100 179 260 797 1153
22 8472 8654 8740 8745 8766 8798 8848 8904 8917 8943 8967 9187 9278 9359 9430 9570 9734 9998 279 827 1041 2579
24 8502 8504 8778 8820 8834 8873 8876 8889 8976 9007 9280 9367 9381 9390 9588 9617 9630 9999 1 248 326 342 890 1155
21 8545 8568 8781 8829 8884 8897 8911 8912 8944 9012 9051 9228 9365 9411 9453 9598 9893 17 347 945 1162
24 8546 8590 8797 8833 8865 8913 8914 8974 8988 9029 9072 9287 9389 9547 9616 9757 14 52 180 348 495 944 959 2102
24 8551 8653 8841 8906 8910 8924 8968 8993 9035 9092 9249 9303 9414 9448 9552 9595 9794 56 226 370 438 864 1026 1388
20 8561 8607 8657 8850 8872 8937 8957 8958 9006 9056 9087 9116 9311 9355 9810 64 247 463 935 1078
24 8579 8835 8851 8875 8890 8936 8954 8970 9044 9067 9089 9218 9370 9455 9609 9668 9830 193 263 285 483 774 1157 1475
25 8595 8669 8870 8885 8950 8966 8991 9055 9059 9093 9110 9247 9300 9458 9672 9673 86 101 303 444 490 535 1116 1159 1514
24 8598 8644 8730 8903 8919 8949 9027 9078 9084 9126 9127 9309 9464 9666 9852 222 324 478 500 591 1334 1463 1534 2356
22 8698 8927 8969 9019 9033 9096 9097 9107 9149 9173 9332 9372 9434 9707 9823 325 524 807 1335 1343 1528 2240
23 8709 8934 9039 9073 9115 9121 9133 9153 9260 9281 9412 9466 9490 9501 9712 9876 112 414 481 599 829 1356 1703
22 8724 8948 8952 9042 9052 9076 9147 9172 9178 9363 9368 9497 9618 9694 9716 131 407 461 538 608 1101 1357
24 8786 8896 8971 9079 9123 9139 9165 9182 9186 9203 9375 9482 9628 9736 9763 9877 388 471 536 801 875 1180 1384 6126
20 8849 8961 8977 9095 9229 9231 9254 9420 9500 9502 9651 9769 9796 66 418 507 755 923 967 1949
22 8858 8983 9120 9241 9272 9289 9308 9317 9526 9655 9792 9800 9931 95 96 449 583 812 842 1006 1394 2002
22 8946 9031 9037 9128 9150 9242 9310 9314 9376 9529 9664 9739 9824 9902 30 169 494 588 1087 1901 2081 4245
23 8995 9038 9075 9129 9258 9302 9315 9324 9339 9442 9545 9677 9833 9844 9923 48 214 514 595 1338 1480 1992 4220
23 9014 9054 9104 9130 9190 9238 9240 9270 9274 9562 9575 9703 9750 9845 9935 274 775 803 884 912 1563 2696 3969
19 9049 9117 9131 9175 9263 9329 9338 9499 9548 9654 9809 9 57 278 318 834 1702 1823 2871
21 9106 9136 9200 9219 9268 9322 9356 9362 9425 9531 9593 9704 9906 9959 99 369 887 1710 2650 3789 4253
21 9111 9157 9166 9224 9273 9391 9393 9436 9634 9689 9780 9855 55 58 210 802 1240 1720 2723 3485 4233
20 9155 9202 9227 9286 9397 9407 9415 9554 9658 9690 9728 71 125 245 1351 2321 2684 3549 3566 4285
24 9159 9194 9236 9352 9378 9428 9462 9467 9485 9491 9720 9793 9821 92 133 157 533 1927 2290 2327 2690 3714 3967 6383
21 9168 9213 9251 9382 9489 9494 9495 9660 9733 9760 9862 109 178 305 751 2193 2216 3432 3473 3718 5179
22 9180 9211 9243 9257 9304 9384 9504 9533 9619 9737 9771 9815 9857 9871 115 189 213 1171 2219 2292 3773 6247
21 9189 9246 9336 9385 9416 9484 9537 9546 9583 9781 9812 9908 9964 116 198 382 1070 2256 2309 3776 5139
23 9191 9215 9248 9361 9408 9454 9540 9565 9648 9798 9818 9839 9952 123 237 376 512 2251 2287 2312 2411 4372 6589
20 9282 9288 9366 9459 9515 9549 9571 9675 9835 9910 9979 39 239 412 559 2278 2341 2425 4534 4604
20 9284 9417 9441 9470 9520 9585 9725 9808 9842 9983 310 345 680 1142 2283 2419 2447 4609 4924 6314
26 9321 9360 9447 9460 9492 9559 9590 9599 9622 9762 9851 9854 9883 9917 9993 76 394 428 729 1145 1719 2315 2445 3113 4654 5986
25 9328 9506 9592 9621 9625 9665 9745 9795 9848 9870 9889 9921 38 54 67 403 430 922 1856 2300 2432 3376 4321 5123 6232
21 9340 9440 9522 9606 9612 9629 9803 9853 9885 9919 84 322 683 805 989 2324 2326 2695 3891 5131 6863
20 9371 9443 9538 9568 9627 9678 9753 9949 9970 300 709 710 861 1146 2348 2527 3343 4051 4103 5150
23 9392 9445 9584 9632 9636 9640 9708 9831 9864 9880 9954 9973 70 301 855 863 1170 2549 3370 3418 4059 4541 7141
22 9413 9446 9498 9591 9646 9669 9719 9825 9892 9990 21 83 359 858 1147 1553 3054 3605 3650 4522 4557 5672
18 9435 9561 9635 9685 9702 9721 9898 9994 51 59 353 924 1847 1885 3641 4106 4596 7064
22 9475 9488 9589 9695 9699 9735 9752 9773 9856 9936 22 135 332 642 986 1879 1892 3677 4129 4496 5389 7079
17 9543 9662 9732 9751 9761 9777 9909 9939 168 644 1128 1905 3684 4080 4509 5688 6045
21 9594 9692 9743 9755 9772 9874 9943 9986 200 219 323 391 648 686 1144 1914 3753 4146 4525 5056 5692
21 9601 9688 9747 9754 9907 9915 9955 9975 74 204 400 615 881 1206 1280 3061 3786 4139 4538 4610 8480
22 9696 9718 9756 9785 9790 9961 0 36 230 620 1694 2052 2092 2589 3759 3942 4120 4148 4488 4549 4555 1781
21 9714 9727 9787 9804 9806 9816 9963 9989 107 243 266 363 1189 2120 2148 2686 2743 4128 4258 4570 1654
20 9740 9791 9797 9811 9937 33 141 290 2078 2122 2124 2685 3011 3065 3944 4276 4280 4737 4838 5013
23 9742 9764 9820 9884 9899 9980 5 43 117 190 425 431 1089 1096 2178 2184 2878 3695 4045 4277 4335 4750 5242
20 9814 9826 9868 9891 9967 15 35 134 261 619 2097 2412 2720 3095 3778 4161 4317 4845 4970 7676
18 9850 9930 9956 9974 53 132 150 383 597 2083 2502 2699 3360 3705 4288 4332 5040 1341
20 9858 9887 9913 9933 9966 3 73 147 184 209 420 1083 1692 2763 2887 3134 3771 4365 5531 1346
15 9872 9940 9984 4 81 185 927 1081 2928 3020 3807 4368 4855 4902 5541
17 9888 9890 9942 9951 16 167 216 402 1098 1118 2931 2946 3812 4371 5214 5546 5642
13 9925 9957 2 215 220 964 1120 2943 2948 3893 4779 5519 5594
16 9960 9992 49 69 238 393 1009 1121 1248 3055 3131 3926 4851 5540 5565 5643
15 9988 68 144 309 397 740 1735 1767 2071 3058 3453 3981 5135 5577 5648
0 
0 
0 
