2 1 2
4 3 5 9 130
8 4 6 10 12 30 37 52 132
7 7 11 16 17 46 49 175
8 8 13 14 20 43 69 77 165
8 15 19 22 25 31 47 84 169
8 18 21 23 35 55 71 94 183
8 24 26 42 45 51 66 97 149
5 27 48 59 123 151
6 28 50 67 126 135 211
8 29 40 61 70 78 100 143 173
6 32 64 73 81 104 153
10 34 38 39 68 76 83 106 120 178 274
11 41 44 53 82 86 90 98 141 186 189 247
8 56 57 89 93 112 142 194 257
8 58 60 79 96 101 115 154 208
10 62 63 91 102 109 118 139 145 229 278
9 72 74 111 114 119 152 231 270 293
7 75 92 113 117 124 155 206
6 80 95 121 131 176 233
7 85 105 122 138 182 215 240
9 87 103 107 128 140 181 192 251 272
7 88 125 146 147 196 252 262
9 99 127 129 157 160 190 199 228 279
8 108 133 144 158 195 201 223 256
9 110 134 136 150 156 163 205 264 280
5 137 166 170 219 288
8 148 171 172 177 235 238 289 297
5 159 174 185 191 242
6 161 187 188 197 248 250
8 162 193 198 202 207 237 255 292
5 164 200 204 209 265
6 168 203 213 214 236 266
6 184 210 217 243 269 287
6 212 218 222 253 283 291
4 220 224 239 258
6 225 226 241 254 268 298
4 227 230 244 271
3 232 284 295
2 245 282
3 246 261 277
4 249 260 263 281
2 259 267
1 273
3 275 276 285
2 286 290
1 294
2 296 299
0 
0 
0 
0 
0 
0 
0 
0 
0 
0 
0 
0 
0 
0 
0 
0 
0 
0 
0 
0 
0 
0 
0 
0 
0 
0 
0 
0 
0 
0 
0 
0 
0 
0 
0 
0 
0 
0 
0 
0 
0 
0 
0 
0 
0 
0 
0 
0 
0 
0 
0 
0 
