750
900
802
451
466 469
785
523 524
699 700
505
212
528 529
865
747
740 744
267
107
615 617
751 752
594
75
557
353 355
611
826
525 527
139
948
54 55
687
602
147 150
433
142
430
48
994
181
933
273 280
975
208
627
349
658
333
650
722
657 659
816 817
845
924
575
549
180 182
397
516
572 573
537 542
78
976
462
746
569
882 883
782 783
153 155
100
351
303
864
168 169
275
35
398 399
239
439
677
429
201
379
654
668 670
455 458
963
423
723
42
675 676
766
520
775
298
173 175
873 876
734
509
962
821
506
978
803
621
285 288
276
229
428 432
255
728
375 376
369
59 61
200 204
179
394 395
218 221
362
601 603
829
99 101
646
5
382 383
412
945 946
532
832 833
313
256 257
434 437
209
287
770 773
279
771
867
346
727
772
663
584
289 290
586 587
652
633 634
305
599 600
171 172
52 53
857 858
808 810
476 478
807
339 341
695 696
913
219
738
321 322
501 503
937 940
174
884 885
211
87
917
502
844
413 414
329
809
741
198 199
15 18
260
481 482
606
73
122
320
145
567
725
548 552
235
812
583 585
118 119
63
80 82
226 227
886
888
213
188 190
863
315
497
33
407 408
577 578
470 471
360
656
184
337 338
533
754
312
681 683
941 943
939
358
156 157
682
457
655
925
176
534 535
843
613
720 721
202
71 72
112
512 513
644
491
997
504
263 264
89
985 988
41
49 51
776
973 974
109
912 915
92
324 327
639
813 814
120
967 968
732
990 991
736
177
894 897
316
490 492
610
922
629
893
708
294
671
706
616
25
472
90
306 307
780
531
301
144 146
554
853 856
406
510 511
804
442
942
907
57 58
550
340
38
959
799
837 838
378
404
474 475
166
929 930
323
483
222
871 872
519
595 598
450
614
389
692
980 981
126 128
158 160
910 911
840 841
266 269
637 643
293
591
228
277
381
380
440
477
284
500
797 798
800 801
669
278
493
448
60
247
944
452 454
148
906
311
447 449
541
270 271
526
161 162
718
787
589 590
347
418 419
193
106
970
230
576
956 957
292
958 960
778
607 608
878
196
730
724
672
110
421
170
739
649
596
105 108
764
517 518
438 443
116 117
43
955
135
425
701 703
203
521 522
705 709
931
579 580
163 165
574
926
767
848
743
680
788 789
998
401 402
81
473
966
660 661
768
387
464 465
463
902 903
411
356
335 336
904 909
254
192
546
94 95
131 133
453
138 143
879 881
923
197
123 124
987
64 65
635 636
121
605
849
113
551
16
859
950
300
714 715
545 547
189
460
232
103
259 262
896
236 237
568 571
114 115
431
68 69
916 918
91 93
989
134 137
938
400
562 563
9
961 965
154
296
56
77
467
251
446
111
890
19
249 250
309
46 47
855
686 689
140
291 295
393
441
954
713
36 37
27 30
489
823
6 8
560
620 622
508
874
444 445
368 371
66 67
755
314
753 758
869
17
702
328
712
538
243 244
507
530
214 215
39
435
0 2
870
905
536
4
484 487
514
860
793 794
710 711
151 152
396
795 796
628 630
761
426 427
265
729
352
822
325
759 760
308
581 582
409 410
866 868
555
183 185
272
561
604
167
241
359 363
972
820
641
21
141
927 928
540
983
456
268
880
125
11
898 901
84 85
286
694
992
210
947 949
792
149
570
679
220
846 847
716 717
62
977 979
861 862
386 388
390 392
895
815
310 318
673 674
416
238 242
597
372 373
756
282
297 304
765 769
3
1
951
678
357
29
206 207
136
818 824
281
468
543 544
330 331
914
638
921
342
825 828
618 619
34
726 731
364
830
684 685
245
851
996 999
952 953
240
45
875
496 498
640
83
719
132
969
936
742
733
539
70
831
645
76 79
10 12
515
374
779
935
98
648
422 424
283
494 495
164
971
790
626
274
786
647
367
564 566
345 350
488
662 664
86 88
791
631 632
302
377
805 806
748
332
480
231 234
96 97
854
365 366
964
556
14
986
553 558
899
690
370
391
23
403 405
28
31 32
704
762 763
129 130
688
326
354
50
217
559
877
784
216
693
40 44
187
246 248
13
993 995
593
749 750
745
908
191 195
932 934
348
842
317
205
889
777
361
827
499
623
258
22
486
299
839
415 417
178
836
194
74
233
485
735 737
850
588
334
665 666
102 104
24
592
459 461
834 835
609 612
774 781
436
624 625
20 26
252 253
343 344
811
261
565
225
319
691
887
127
982 984
651 653
707
642
186
891 892
852
819
919 920
667
384 385
159
479
7
420
697 698
757
223 224
